1
5
8
2
16
5
22
5
22
2
23
7
31
3
34
7
34
3
38
8
47
5
52
8
60
2
64
5
73
6
75
8
81
2
89
5
89
7
92
4
94
7
103
3
106
8
109
7
112
4
119
7
119
2
127
4
133
4
137
4
142
3
144
8
153
4
153
5
162
5
170
6
173
6
176
4
184
1
191
5
196
4
202
2
204
3
205
4
212
1
216
7
222
4
227
5
233
8
242
4
244
6
251
1
251
1
251
3
256
7
259
4
263
4
268
5
270
3
272
8
273
1
273
5
279
4
285
4
293
4
300
3
306
2
314
8
319
6
320
5
328
1
330
8
330
6
333
2
341
6
346
2
353
3
354
7
360
5
368
6
369
3
374
4
375
5
382
6
384
3
391
8
392
5
401
2
405
8
410
2
413
6
421
6
421
8
426
6
432
6
437
4
437
6
442
6
444
3
444
7
452
6
460
2
469
4
474
7
475
8
484
7
491
4
498
4
500
6
509
3
515
8
517
6
525
1
529
5
529
3
534
1
543
3
552
2
555
8
556
7
562
4
568
5
571
3
580
4
587
2
596
3
597
7
601
2
607
6
610
2
614
3
615
5
623
7
629
6
629
6
632
5
637
3
642
4
648
8
650
8
650
4
653
2
660
8
665
8
674
1
675
7
684
2
690
8
695
1
695
6
700
6
701
3
702
7
703
4
707
3
709
5
713
4
713
8
720
8
721
7
728
8
731
8
732
3
741
4
746
6
751
8
754
5
756
6
759
8
765
6
765
6
768
3
770
2
771
3
771
5
773
4
782
7
790
2
790
1
796
7
796
1
801
4
809
2
814
4
821
2
824
4
833
5
840
1
841
7
849
7
857
3
862
1
870
7
875
1
879
1
885
1
886
4
894
7
894
8
897
2
904
8
910
1
912
1
920
2
920
5
921
5
929
1
929
6
929
5
930
3
932
4
938
6
947
5
948
1
948
5
950
7
954
6
959
1
960
3
961
6
967
4
973
1
973
2
978
8
985
1
990
8
995
1
1002
3
1008
4
1012
5
1012
5
1013
6
1021
4
1027
7
1035
7
1038
8
1040
4
1049
4
1054
4
1059
8
1063
4
1071
4
1077
5
1077
4
1082
1
1084
6
1089
8
1095
6
1099
3
1101
2
1103
4
1109
6
1115
2
1123
6
1130
2
1131
5
1136
8
1142
7
1142
7
1147
4
1153
1
1153
7
1157
4
1163
4
1163
2
1164
6
1172
5
1175
4
1178
2
1185
6
1194
1
1198
7
1198
1
1203
2
1210
3
1217
3
1226
6
1226
1
1226
2
1231
6
1231
7
1240
5
1243
7
1247
8
1249
8
1253
3
1258
2
1258
8
1266
3
1272
7
1279
6
1285
6
1294
2
1294
6
1303
1
1306
4
1310
8
1319
3
1328
8
1332
4
1335
7
1336
4
1338
8
1345
8
1347
4
1354
4
1359
7
1359
5
1359
2
1359
5
1360
7
1365
3
1371
5
1376
4
1380
1
1386
4
1393
6
1402
7
1406
7
1412
3
1418
5
1426
7
1430
1
1436
7
1445
4
1448
6
1453
8
1453
8
1459
6
1463
6
1465
6
1465
2
1465
1
1471
4
1473
1
1481
7
1487
5
1493
8
1494
7
1498
1
1507
5
1511
2
1520
3
1528
8
1532
1
1534
2
1534
3
1537
6
1542
3
1545
6
1551
3
1555
4
1559
8
1562
8
1570
2
1574
3
1580
1
1586
4
1593
1
1602
4
1603
8
1607
6
1611
6
1617
5
1624
7
1625
2
1629
3
1638
5
1640
8
1646
6
1646
2
1646
7
1654
6
1654
5
1660
5
1661
2
1669
5
1675
3
1676
8
1683
1
1686
5
1687
4
1692
1
1694
7
1702
3
1710
1
1715
2
1722
5
1729
2
1736
8
1737
8
1737
8
1745
5
1747
5
1749
3
1754
5
1763
2
1766
4
1766
8
1769
5
1776
2
1776
3
1777
5
1785
3
1787
5
1792
8
1798
5
1802
8
1808
6
1814
1
1819
2
1819
8
1823
5
1823
4
1828
8
1828
6
1836
6
1837
3
1845
7
1854
8
1859
2
1866
8
1867
6
1872
7
1877
5
1877
2
1878
1
1883
4
1890
6
1891
6
1892
7
1897
4
1903
7
1911
5
1920
1
1922
1
1922
6
1929
4
1929
5
1931
5
1932
6
1932
2
1932
8
1933
1
1934
5
1935
4
1940
1
1948
2
1954
8
1956
4
1962
5
1970
1
1975
3
1976
8
1983
1
1992
6
2000
4
2006
4
2008
6
2010
4
2013
4
2013
4
2020
2
2025
4
2030
4
2030
6
2033
1
2039
3
2039
8
2042
1
2051
3
2052
4
2053
2
2058
2
2065
5
2070
1
2077
4
2077
2
2080
8
2084
7
2088
6
2091
2
2100
3
2104
1
2108
6
2111
8
2111
4
2116
5
2116
2
2125
8
2129
3
2133
6
2137
7
2144
8
2153
4
2154
2
2157
1
2161
1
2167
8
2168
8
2175
5
2184
8
2191
4
2194
2
2197
1
2202
3
2208
5
2217
5
2220
6
2222
5
2223
1
2230
1
2232
7
2240
8
2248
5
2248
6
2249
7
2252
7
2252
3
2253
4
2262
6
2270
2
2275
6
2275
7
2283
1
2288
1
2294
5
2298
4
2304
3
2310
1
2312
8
2315
2
2319
6
2321
4
2328
5
2332
2
2338
2
2343
8
2344
5
2352
4
2358
4
2359
7
2360
4
2368
5
2376
3
2382
6
2383
1
2388
2
2397
1
2406
3
2415
6
2424
5
2427
4
2431
6
2432
4
2440
1
2444
6
2450
4
2454
2
2462
2
2471
6
2473
8
2476
3
2483
2
2483
5
2491
7
2494
3
2494
2
2495
6
2498
7
2501
2
2506
6
2508
7
2509
4
2514
3
2522
2
2529
5
2536
5
2538
3
2539
5
2542
4
2542
6
2546
8
2552
2
2558
7
2560
6
2569
5
2578
3
2578
2
2586
5
2586
5
2595
3
2595
6
2598
1
2607
1
2610
3
2617
6
2621
2
2629
7
2638
5
2641
4
2642
2
2646
7
2651
8
2656
2
2660
1
2667
8
2669
7
2678
5
2681
7
2682
5
2688
3
2691
6
2694
5
2698
1
2706
1
2713
3
2719
7
2719
4
2726
2
2735
2
2738
4
2747
2
2749
5
2752
3
2756
8
2760
7
2769
7
2770
4
2771
2
2771
5
2773
2
2782
2
2785
4
2793
3
2794
4
2800
2
2809
4
2810
2
2811
7
2815
7
2822
4
2822
8
2829
8
2836
3
2839
2
2844
4
2851
1
2859
3
2860
4
2865
1
2866
1
2869
6
2869
2
2878
3
2887
6
2888
8
2889
5
2890
7
2890
6
2890
6
2898
6
2898
7
2905
3
2907
2
2915
6
2922
3
2931
6
2935
5
2937
1
2938
2
2946
1
2950
6
2958
5
2960
1
2962
7
2964
5
2966
7
2971
3
2971
1
2979
1
2985
1
2985
8
2985
1
2990
5
2999
5
3008
4
3017
3
3021
2
3029
7
3029
5
3033
7
3041
5
3041
5
3042
1
3048
7
3054
3
3057
6
3061
6
3069
1
3075
1
3081
7
3084
2
3089
1
3089
1
3096
7
3102
2
3106
2
3113
7
3120
3
3127
8
3135
4
3141
4
3141
3
3143
1
3146
7
3154
4
3154
4
3155
6
3158
6
3167
4
3175
5
3180
8
3186
4
3188
8
3194
4
3203
7
3206
2
3212
8
3218
6
3223
1
3232
5
3240
7
3246
8
3250
5
3252
7
3255
8
3259
8
3268
2
3276
7
3278
3
3282
4
3283
6
3290
1
3291
8
3292
5
3300
5
3307
5
3315
1
3323
4
3331
5
3337
3
3339
2
3340
7
3349
1
3356
5
3356
5
3362
8
3365
4
3368
1
3376
8
3378
1
3385
7
3386
2
3387
6
3395
3
3395
7
3404
4
3410
8
3419
4
3428
2
3431
4
3431
6
3434
7
3434
5
3439
8
3445
7
3453
3
3458
2
3458
1
3465
3
3467
7
3472
8
3480
5
3488
1
3496
3
3502
3
3508
5
3515
6
3521
1
3522
5
3528
8
3528
4
3534
2
3534
8
3534
8
3540
7
3540
4
3545
4
3547
3
3548
6
3557
4
3557
2
3565
2
3573
7
3577
4
3583
5
3592
1
3593
4
3596
6
3597
3
3598
8
3599
3
3602
5
3607
7
3612
7
3619
3
3628
2
3630
7
3632
7
3633
7
3636
6
3637
6
3637
8
3644
5
3647
1
3649
6
3652
8
3655
2
3664
8
3672
2
3678
4
3681
7
3683
6
3692
1
3700
7
3701
7
3707
2
3707
4
3710
4
3712
3
3719
6
3724
6
3727
3
3732
1
3741
3
3746
1
3753
6
3754
1
3758
5
3760
5
3766
1
3773
4
3775
4
3776
7
3783
7
3791
1
3791
8
3791
8
3796
4
3797
5
3799
2
3805
4
3806
6
3811
1
3815
4
3823
1
3832
4
3836
1
3843
4
3847
2
3848
2
3857
8
3865
3
3865
8
3868
2
3876
1
3883
7
3888
2
3896
1
3904
2
3909
4
3911
3
3919
3
3926
3
3927
3
3936
7
3936
3
3936
2
3937
6
3937
6
3937
4
3942
4
3946
4
3947
1
3956
5
3957
5
3960
4
3968
6
3968
4
3969
1
3974
7
3976
3
3979
5
3988
2
3989
4
3996
8
4004
6
4006
1
4013
3
4022
5
4022
2
4027
4
4029
8
4036
2
4042
6
4042
1
4049
7
4053
2
4056
5
4061
1
4069
2
4077
1
4079
6
4086
2
4089
4
4094
3
4098
2
4105
5
4105
2
4106
2
4110
1
4118
7
4122
4
4128
1
4130
7
4132
1
4140
1
4149
1
4154
1
4158
2
4158
7
4165
7
4168
3
4170
8
4179
7
4184
3
4186
1
4193
5
4198
4
4207
2
4211
2
4220
6
4225
8
4230
8
4232
3
4239
6
4239
4
4245
6
4250
3
4256
5
4259
1
4260
8
4262
1
4267
5
4271
7
4272
2
4273
8
4278
5
4282
4
4286
7
4287
2
4294
1
4302
1
4311
7
4315
2
4315
6
4320
2
4320
6
4327
5
4335
7
4337
7
4343
5
4344
7
4344
4
4351
3
4356
8
4359
4
4367
5
4371
4
4376
8
4378
1
4379
2
4382
3
4391
3
4392
8
4401
4
4405
7
4412
7
4420
2
4427
3
4431
4
4437
6
4439
6
4440
5
4448
1
4454
4
4454
5
4460
4
4461
3
4462
1
4463
8
4472
7
4481
1
4488
5
4491
7
4497
4
4506
8
4508
8
4516
4
4524
6
4532
5
4534
3
4535
4
4544
2
4545
3
4554
3
4558
2
4567
6
4574
7
4578
7
4583
6
4591
5
4593
4
4602
8
4605
6
4610
2
4614
6
4614
3
4615
1
4615
3
4620
6
4626
1
4633
5
4635
5
4638
1
4640
6
4642
1
4647
3
4652
7
4656
4
4665
3
4667
7
4675
7
4684
4
4693
3
4694
7
4699
5
4702
5
4711
7
4719
7
4720
8
4720
1
4728
8
4734
5
4740
7
4743
2
4750
3
4759
3
4763
3
4771
7
4773
7
4782
1
4782
5
4789
5
4792
1
4793
6
4798
7
4807
7
4812
1
4820
2
4827
6
4836
3
4839
8
4842
6
4847
6
4850
2
4850
3
4852
3
4852
3
4853
3
4853
6
4853
6
4853
6
4855
4
4863
2
4867
2
4875
3
4875
1
4881
6
4881
3
4886
2
4889
3
4889
4
4896
7
4898
4
4898
4
4899
4
4899
2
4905
4
4913
5
4919
7
4924
7
4931
1
4932
4
4933
8
4935
4
4942
1
4947
3
4948
2
4950
7
4952
1
4956
2
4965
8
4967
8
4974
1
4975
1
4983
5
4991
3
5000
6
5008
7
5010
3
5015
8
5018
1
5023
4
5026
8
5029
6
5037
3
5042
3
5042
6
5046
7
5047
2
5056
6
5062
1
5064
4
5069
4
5073
4
5076
6
5085
6
5085
7
5091
6
5097
6
5100
3
5109
1
5112
6
5119
3
5119
5
5123
3
5131
4
5131
5
5131
3
5132
1
5135
3
5136
5
5143
7
5148
6
5149
4
5151
7
5152
3
5159
3
5166
3
5170
3
5171
5
5175
1
5181
6
5182
7
5185
6
5193
6
5199
7
5206
8
5209
5
5216
1
5225
6
5232
5
5235
5
5237
8
5246
5
5252
6
5261
1
5268
2
5270
4
5279
1
5279
3
5284
8
5293
5
5296
7
5304
1
5312
5
5320
2
5326
5
5330
1
5332
6
5333
2
5334
7
5336
5
5338
1
5343
2
5352
4
5354
5
5356
5
5360
3
5362
3
5369
6
5369
4
5375
6
5378
2
5379
1
5385
4
5393
1
5398
4
5404
1
5408
7
5410
1
5413
5
5418
1
5426
7
5429
6
5435
4
5439
6
5442
8
5445
8
5449
2
5458
1
5458
5
5460
1
5460
4
5465
7
5473
2
5477
6
5478
8
5485
4
5485
6
5488
2
5495
8
5498
2
5498
1
5500
8
5509
8
5517
5
5523
5
5524
4
5525
2
5525
3
5528
4
5528
7
5537
2
5546
5
5554
6
5559
6
5563
1
5571
8
5579
2
5583
5
5592
7
5601
3
5610
8
5612
6
5619
1
5627
4
5633
8
5640
8
5643
5
5644
1
5651
5
5659
7
5664
2
5665
1
5670
8
5670
4
5675
2
5680
4
5684
5
5691
3
5698
8
5699
2
5700
4
5704
3
5710
2
5719
7
5722
2
5723
3
5730
8
5732
8
5741
7
5744
6
5752
1
5757
5
5761
4
5768
4
5771
3
5778
3
5783
2
5784
2
5786
3
5795
8
5802
1
5802
5
5805
3
5809
3
5813
4
5821
3
5825
8
5832
5
5832
1
5840
6
5843
3
5844
6
5850
4
5857
8
5865
2
5870
1
5875
8
5882
3
5886
6
5891
2
5900
5
5901
5
5902
7
5906
3
5906
7
5906
6
5912
5
5919
3
5925
5
5932
2
5932
1
5935
8
5939
5
5947
4
5950
3
5950
1
5951
8
5953
5
5957
4
5961
1
5967
4
5976
5
5978
3
5978
6
5987
3
5993
4
6002
1
6009
1
6018
5
6026
2
6028
5
6035
5
6041
5
6048
2
6057
7
6063
5
6071
2
6080
5
6084
2
6088
8
6090
8
6097
6
6098
6
6100
6
6108
7
6117
6
6123
7
6131
3
6134
1
6141
7
6145
7
6148
3
6150
6
6150
7
6158
7
6167
6
6175
4
6175
6
6179
2
6182
3
6182
6
6190
6
6197
3
6204
5
6209
2
6211
2
6218
6
6225
3
6233
8
6239
6
6241
4
6242
3
6249
5
6249
7
6251
8
6260
1
6268
7
6268
7
6270
6
6279
2
6279
6
6279
5
6282
6
6284
6
6288
5
6297
1
6301
7
6307
7
6316
8
6316
4
6323
1
6330
6
6334
5
6334
6
6337
5
6340
4
6349
3
6353
6
6359
1
6364
5
6366
4
6375
2
6384
5
6390
8
6394
6
6396
1
6401
5
6403
6
6410
4
6418
7
6419
4
6427
6
6435
7
6439
4
6442
1
6442
4
6447
8
6452
2
6455
6
6461
3
6468
5
6468
3
6476
5
6484
2
6493
5
6498
5
6505
2
6512
1
6518
3
6527
6
6527
6
6531
4
6534
6
6540
3
6547
1
6547
5
6548
2
6555
1
6562
5
6564
5
6567
3
6569
1
6577
3
6577
8
6586
3
6595
3
6603
8
6603
4
6609
8
6612
8
6620
4
6624
1
6625
6
6625
2
6632
6
6633
5
6633
6
6634
2
6641
7
6650
8
6655
1
6663
1
6668
5
6676
6
6684
2
6691
8
6696
6
6697
8
6704
5
6706
3
6714
8
6722
8
6729
7
6730
4
6732
1
6737
8
6739
6
6746
1
6755
8
6755
3
6761
1
6768
4
6768
2
6771
8
6772
1
6777
8
6780
5
6783
4
6792
7
6797
1
6797
7
6806
3
6815
4
6822
5
6829
3
6834
3
6840
4
6840
8
6841
8
6842
8
6845
6
6852
6
6854
8
6858
1
6862
8
6871
8
6877
3
6886
2
6893
6
6895
3
6904
2
6906
3
6908
5
6915
7
6918
7
6925
1
6933
1
6935
2
6942
4
6944
3
6948
5
6950
4
6952
3
6953
2
6955
5
6963
1
6971
5
6971
6
6975
2
6982
8
6990
5
6991
3
6996
1
7003
7
7009
7
7017
7
7021
3
7027
5
7035
2
7036
8
7045
5
7048
3
7053
3
7060
2
7066
3
7073
6
7080
1
7081
4
7084
3
7093
5
7100
5
7103
4
7106
5
7115
5
7122
7
7123
7
7128
5
7129
8
7130
4
7135
1
7135
6
7141
2
7146
1
7155
6
7158
4
7165
1
7172
8
7177
8
7178
8
7183
5
7186
5
7187
7
7191
1
7196
5
7199
7
7199
5
7205
1
7209
8
7214
3
7219
7
7220
8
7227
8
7233
6
7237
8
7237
4
7241
2
7249
2
7255
3
7264
4
7268
3
7271
6
7274
3
7278
1
7280
6
7280
4
7283
1
7290
1
7296
8
7300
4
7308
8
7308
3
7310
8
7310
3
7318
2
7323
4
7328
6
7337
4
7344
2
7349
1
7356
5
7361
4
7361
7
7366
5
7372
3
7376
4
7379
1
7388
8
7389
2
7398
6
7406
8
7414
8
7414
5
7419
1
7425
2
7427
8
7427
1
7434
2
7436
8
7441
1
7441
4
7444
1
7444
7
7444
4
7450
5
7454
4
7462
1
7468
2
7476
8
7485
3
7490
4
7495
2
7496
5
7496
8
7498
5
7507
4
7509
5
7516
4
7523
1
7530
3
7536
2
7539
2
7545
8
7551
8
7556
7
7565
5
7574
7
7580
2
7584
5
7589
6
7593
4
7600
3
7607
1
7608
1
7613
3
7616
4
7620
3
7620
2
7628
4
7629
8
7635
5
7642
6
7642
7
7643
7
7646
3
7648
1
7655
4
7664
6
7667
3
7673
1
7673
8
7676
2
7685
2
7689
4
7698
7
7704
7
7711
6
7714
6
7718
3
7725
2
7730
2
7731
6
7733
2
7735
6
7739
7
7746
2
7753
6
7762
5
7767
4
7775
8
7780
3
7781
8
7789
6
7795
3
7795
2
7804
7
7806
1
7810
8
7812
4
7814
5
7816
2
7816
8
7819
6
7826
5
7831
8
7832
5
7839
1
7841
1
7843
8
7851
4
7856
6
7857
7
7862
8
7863
2
7869
3
7873
7
7878
5
7886
1
7893
4
7899
6
7904
4
7911
6
7914
7
7919
5
7920
7
7928
5
7932
5
7935
1
7938
6
7947
3
7951
1
7954
2
7954
1
7955
7
7959
6
7964
4
7972
5
7976
1
7982
7
7984
6
7993
7
7998
6
8004
5
8011
3
8013
2
8016
3
8021
5
8028
1
8028
1
8033
8
8036
5
8040
2
8047
5
8053
7
8060
2
8064
1
8070
4
8077
6
8083
3
8090
1
8096
4
8100
4
8108
2
8110
3
8114
2
8116
4
8117
7
8121
6
8127
4
8127
8
8133
6
8133
7
8134
6
8138
4
8144
7
8153
5
8154
8
8160
4
8162
8
8169
6
8171
1
8178
4
8181
8
8188
3
8193
2
8202
6
8208
1
8211
2
8214
7
8214
1
8222
7
8222
2
8230
8
8239
1
8244
2
8249
2
8255
4
8258
7
8261
4
8261
8
8263
2
8264
5
8264
6
8273
1
8282
8
8285
1
8287
7
8289
2
8289
6
8297
7
8300
2
8300
7
8305
1
8313
8
8318
8
8327
7
8328
1
8329
8
8336
1
8340
7
8346
8
8353
7
8353
6
8359
4
8360
5
8365
3
8367
1
8369
5
8377
5
8378
2
8381
4
8388
2
8390
3
8392
8
8397
8
8397
1
8403
6
8406
1
8414
4
8416
1
8423
3
8426
8
8429
7
8434
8
8441
6
8449
4
8454
6
8463
1
8466
3
8472
8
8475
2
8480
2
8486
2
8495
7
8498
7
8502
7
8503
2
8507
3
8514
1
8518
4
8518
1
8527
5
8531
5
8539
3
8543
3
8548
7
8555
3
8558
4
8560
2
8564
2
8566
6
8573
1
8575
6
8579
6
8585
8
8588
8
8592
6
8596
2
8605
7
8608
2
8608
2
8611
4
8619
5
8621
6
8628
5
8636
1
8637
6
8639
7
8647
5
8648
2
8656
3
8658
3
8664
2
8668
3
8669
8
8676
7
8685
5
8689
3
8690
5
8692
3
8692
6
8693
5
8699
8
8708
8
8711
3
8717
8
8719
4
8721
6
8724
5
8724
3
8724
3
8731
2
8736
5
8740
1
8743
1
8750
6
8750
1
8752
4
8753
5
8759
3
8762
4
8766
7
8770
5
8771
7
8776
3
8785
6
8785
3
8793
8
8795
8
8803
8
8807
8
8816
8
8819
5
8825
2
8827
7
8835
1
8841
6
8850
3
8858
2
8858
8
8864
5
8873
6
8882
2
8890
7
8891
2
8892
7
8899
4
8901
1
8901
1
8904
1
8910
3
8916
5
8919
7
8924
6
8932
7
8938
8
8945
2
8949
6
8952
4
8955
8
8960
6
8963
5
8972
5
8976
2
8982
7
8982
2
8985
3
8993
8
8995
7
9000
2
9001
4
9001
2
9004
5
9004
6
9004
6
9008
3
9013
7
9019
3
9019
8
9022
3
9024
6
9032
3
9040
2
9049
3
9050
6
9057
5
9063
6
9071
4
9079
1
9085
3
9086
3
9087
7
9093
3
9097
5
9102
7
9104
4
9104
8
9109
8
9111
4
9111
1
9119
5
9128
6
9128
4
9133
5
9135
3
9140
7
9142
8
9144
2
9148
2
9151
8
9152
5
9153
1
9157
4
9166
5
9167
6
9173
2
9178
6
9187
5
9189
4
9197
2
9201
6
9206
2
9215
1
9221
7
9225
8
9234
3
9238
4
9247
1
9252
1
9259
4
9263
3
9272
3
9276
2
9276
2
9281
5
9284
2
9292
5
9294
7
9300
1
9305
6
9309
7
9312
6
9315
8
9320
7
9325
7
9334
4
9341
3
9348
3
9350
8
9358
4
9365
6
9365
2
9368
1
9371
6
9376
1
9378
5
9387
2
9390
8
9391
8
9393
1
9394
5
9397
4
9404
3
9411
3
9419
1
9420
4
9426
1
9430
4
9433
4
9441
8
9449
5
9451
6
9454
7
9460
7
9464
4
9465
1
9467
7
9471
3
9472
5
9476
6
9478
8
9485
8
9491
1
9497
3
9497
8
9501
7
9507
3
9508
3
9512
5
9515
8
9518
3
9522
5
9523
4
9527
7
9531
8
9532
3
9537
4
9543
3
9549
5
9552
8
9554
4
9556
8
9559
8
9563
4
9563
6
9567
6
9573
5
9579
7
9587
8
9591
5
9591
7
9596
1
9598
1
9605
5
9614
1
9618
3
9624
5
9625
2
9631
2
9635
8
9639
3
9644
7
9653
4
9653
6
9658
7
9661
5
9661
8
9670
3
9672
6
9675
3
9680
8
9686
4
9693
5
9700
4
9701
2
9710
5
9713
2
9714
5
9720
5
9725
8
9732
3
9732
5
9734
4
9743
1
9746
3
9753
7
9754
1
9758
4
9762
6
9771
3
9775
2
9778
3
9787
3
9789
2
9797
1
9804
3
9806
1
9809
7
9818
6
9824
1
9828
1
9835
4
9838
8
9843
2
9851
8
9855
2
9862
1
9867
8
9872
2
9872
2
9872
4
9877
7
9881
2
9882
6
9888
7
9892
6
9895
3
9895
2
9901
2
9908
4
9910
7
9916
5
9920
4
9922
2
9930
7
9931
6
9937
1
9942
5
9950
8
9954
6
9960
4
9960
6
9962
1
9962
6
9963
5
9972
4
9978
8
9984
4
9984
3
9993
3
10002
6
10008
3
10016
5
10020
3
10029
7
10038
6
10047
8
10055
3
10060
8
10063
5
10066
3
10068
7
10074
2
10076
1
10080
5
10087
2
10089
8
10090
7
10096
5
10102
7
10109
8
10111
3
10117
5
10118
7
10121
2
10121
7
10123
5
10127
8
10136
1
10142
1
10150
2
10156
8
10165
3
10172
2
10179
2
10184
5
10191
6
10191
8
10194
7
10203
7
10205
5
10212
4
10212
5
10216
8
10216
5
10220
1
10224
3
10224
5
10230
4
10233
7
10239
2
10243
4
10243
7
10246
2
10247
4
10254
5
10263
2
10269
1
10269
7
10278
7
10284
2
10288
7
10297
1
10305
2
10310
5
10316
6
10318
6
10326
3
10330
1
10338
1
10338
3
10340
5
10348
1
10354
4
10357
7
10366
4
10367
8
10368
1
10369
4
10377
6
10383
4
10385
2
10393
5
10398
7
10398
1
10401
6
10407
7
10413
6
10418
8
10418
5
10423
3
10423
4
10432
7
10436
2
10439
7
10447
2
10455
4
10457
5
10466
2
10469
1
10470
7
10475
7
10481
3
10488
7
10491
6
10495
7
10501
1
10504
6
10513
3
10514
5
10519
6
10527
7
10532
6
10533
7
10536
6
10540
8
10546
1
10549
5
10557
2
10558
5
10558
3
10564
7
10566
4
10569
2
10572
3
10581
1
10583
7
10586
1
10589
8
10594
3
10595
4
10604
3
10606
2
10613
6
10620
3
10620
7
10626
4
10626
6
10628
3
10633
7
10640
8
10643
5
10649
1
10653
5
10657
4
10664
6
10669
2
10676
3
10677
7
10685
6
10686
3
10691
3
10695
2
10702
3
10705
3
10710
4
10712
5
10714
3
10718
4
10722
2
10724
8
10726
5
10735
4
10739
6
10739
5
10745
5
10751
7
10758
4
10762
2
10764
4
10771
8
10776
2
10776
4
10778
4
10782
3
10788
4
10788
6
10796
6
10805
4
10810
6
10813
8
10817
5
10819
4
10823
7
10827
7
10832
7
10837
6
10841
5
10845
8
10847
7
10855
2
10859
8
10865
7
10873
1
10876
2
10880
2
10883
3
10885
7
10888
7
10896
7
10896
7
10903
7
10906
1
10914
5
10915
6
10921
2
10925
4
10926
8
10929
3
10935
6
10939
6
10942
5
10944
5
10952
6
10952
1
10959
6
10968
3
10973
7
10982
6
10986
1
10986
7
10988
3
10991
2
10993
8
10997
4
11000
4
11008
7
11010
7
11019
8
11028
1
11031
2
11039
2
11043
4
11043
5
11047
8
11052
4
11053
7
11057
3
11060
7
11067
4
11068
6
11071
5
11071
2
11078
5
11085
6
11089
8
11090
8
11098
5
11105
4
11110
6
11115
2
11123
6
11125
2
11134
3
11141
4
11149
8
11153
3
11153
3
11157
5
11164
3
11171
6
11173
1
11175
3
11179
7
11182
2
11188
6
11196
3
11198
6
11201
5
11205
4
11211
6
11216
5
11217
2
11219
1
11222
2
11228
3
11229
5
11235
6
11240
4
11249
7
11251
5
11251
8
11255
4
11258
1
11262
4
11266
6
11272
2
11277
6
11280
2
11286
4
11287
3
11287
1
11296
6
11302
5
11302
7
11310
7
11311
5
11316
3
11319
5
11320
2
11325
2
11334
3
11338
4
11341
3
11349
8
11358
7
11364
3
11373
8
11378
3
11378
6
11384
1
11392
1
11397
7
11401
5
11406
2
11412
7
11419
3
11427
5
11427
3
11435
2
11435
3
11438
5
11446
6
11453
5
11456
4
11462
8
11468
1
11473
2
11475
3
11479
1
11484
2
11490
8
11492
3
11496
4
11500
6
11503
3
11508
1
11509
8
11513
8
11517
1
11524
3
11530
2
11539
4
11541
5
11550
8
11553
1
11557
5
11561
4
11562
6
11565
2
11566
4
11568
3
11573
4
11578
3
11578
3
11580
4
11580
8
11587
6
11587
2
11589
8
11592
6
11593
3
11600
3
11601
4
11606
6
11606
4
11612
1
11613
5
11613
1
11615
4
11615
5
11621
1
11624
5
11629
3
11630
8
11634
1
11637
4
11643
6
11651
4
11660
2
11661
2
11662
4
11666
4
11674
7
11677
7
11679
8
11679
7
11685
8
11688
8
11690
5
11692
3
11700
6
11701
7
11703
3
11704
3
11710
8
11718
6
11726
6
11732
2
11740
1
11746
6
11748
6
11751
4
11760
7
11762
2
11766
5
11775
5
11784
6
11788
6
11794
7
11802
5
11805
4
11814
7
11814
4
11814
2
11815
8
11822
7
11831
1
11838
7
11841
8
11841
2
11850
2
11858
7
11866
8
11875
5
11877
6
11881
7
11882
3
11886
4
11890
4
11895
1
11900
5
11900
6
11909
4
11912
4
11920
3
11927
1
11932
6
11938
6
11946
8
11949
7
11949
2
11951
7
11957
6
11960
4
11969
3
11978
3
11979
8
11980
2
11989
7
11997
8
12006
4
12006
2
12008
6
12016
8
12023
5
12027
8
12032
5
12041
4
12041
4
12041
8
12048
2
12053
6
12062
3
12062
7
12065
1
12068
3
12077
4
12084
2
12085
2
12089
3
12090
2
12093
2
12101
1
12101
5
12110
6
12116
1
12117
7
12122
4
12122
3
12125
2
12128
2
12137
7
12142
4
12147
4
12153
6
12157
4
12164
5
12165
1
12170
3
12174
8
12176
5
12181
1
12186
6
12194
1
12199
3
12204
3
12207
2
12213
1
12213
5
12219
2
12228
2
12232
8
12232
6
12237
2
12244
4
12250
6
12251
6
12253
1
12261
3
12261
3
12264
4
12264
6
12273
8
12280
6
12286
6
12293
4
12302
8
12305
8
12309
4
12318
2
12323
7
12330
3
12331
6
12338
4
12340
5
12346
6
12353
3
12353
3
12357
7
12360
3
12363
6
12368
3
12373
1
12377
3
12380
4
12389
2
12398
7
12398
2
12406
5
12406
4
12408
7
12413
4
12416
6
12420
7
12421
7
12422
1
12428
4
12436
7
12437
6
12444
7
12449
5
12458
5
12459
3
12459
3
12459
7
12460
5
12462
2
12464
4
12466
3
12466
6
12474
6
12475
1
12482
6
12486
8
12493
3
12500
7
12505
4
12510
2
12513
3
12520
5
12528
7
12537
2
12541
7
12545
8
12552
6
12552
4
12556
4
12562
2
12568
2
12568
8
12568
2
12577
2
12585
4
12591
8
12598
3
12601
6
12604
4
12608
1
12611
1
12612
1
12618
4
12625
6
12632
6
12640
2
12641
4
12641
1
12648
2
12656
5
12663
8
12666
4
12672
2
12672
8
12676
5
12680
2
12689
6
12695
2
12699
6
12706
6
12709
8
12709
7
12715
8
12721
5
12726
7
12728
7
12728
4
12737
1
12739
3
12740
6
12747
8
12750
6
12754
7
12754
8
12755
4
12757
3
12757
3
12757
4
12759
6
12765
1
12767
5
12773
4
12776
5
12782
1
12790
2
12793
2
12796
5
12805
5
12810
4
12814
6
12820
3
12821
8
12829
4
12834
6
12835
8
12837
1
12842
7
12842
2
12843
7
12847
8
12854
4
12855
3
12862
4
12867
5
12868
8
12872
1
12880
6
12885
5
12893
6
12895
2
12898
7
12906
1
12909
2
12917
4
12921
1
12927
7
12934
8
12934
5
12941
1
12943
7
12952
6
12953
4
12957
2
12965
1
12969
1
12974
5
12978
6
12986
4
12995
7
13004
4
13011
1
13011
4
13020
2
13028
8
13037
6
13038
4
13047
2
13054
1
13059
3
13063
4
13067
1
13074
6
13074
3
13077
4
13077
7
13085
5
13093
1
13093
4
13093
5
13098
4
13103
4
13107
3
13110
4
13118
6
13123
7
13129
4
13136
1
13145
5
13146
2
13151
6
13160
8
13169
4
13175
4
13184
6
13188
7
13191
1
13200
4
13205
5
13213
6
13216
6
13222
8
13222
3
13226
2
13228
3
13235
3
13236
6
13236
7
13237
8
13245
3
13251
5
13258
3
13261
3
13269
1
13273
3
13276
3
13278
8
13285
8
13285
2
13288
2
13290
6
13293
5
13293
1
13298
3
13307
8
13311
8
13316
2
13317
4
13317
1
13325
1
13332
8
13340
3
13342
3
13343
3
13349
5
13357
3
13361
1
13370
5
13370
7
13371
2
13374
8
13379
8
13385
3
13385
2
13390
4
13398
2
13404
3
13405
6
13407
7
13412
1
13414
6
13420
6
13428
4
13430
3
13436
8
13436
3
13442
7
13447
7
13452
4
13459
8
13461
7
13461
5
13470
1
13473
7
13474
6
13481
5
13485
6
13487
1
13488
4
13493
5
13501
8
13503
5
13509
8
13518
5
13527
5
13534
4
13541
6
13550
2
13559
6
13559
7
13567
8
13570
5
13578
5
13583
4
13588
8
13588
1
13588
6
13597
2
13602
3
13608
8
13609
2
13618
4
13622
4
13625
6
13633
7
13636
5
13642
7
13645
7
13654
8
13662
8
13665
4
13668
5
13668
1
13674
5
13681
2
13681
3
13681
1
13690
5
13692
5
13700
7
13702
8
13709
8
13714
4
13718
7
13726
6
13734
8
13735
5
13739
6
13746
6
13746
4
13752
3
13756
8
13762
2
13766
3
13770
8
13779
3
13786
1
13789
2
13789
2
13795
8
13795
7
13799
8
13808
6
13808
4
13814
2
13818
5
13821
8
13823
5
13830
2
13835
8
13835
7
13836
8
13843
7
13849
7
13853
3
13857
8
13860
3
13869
7
13873
1
13873
6
13874
5
13875
8
13880
4
13889
6
13890
1
13899
1
13906
4
13911
6
13913
4
13920
3
13922
3
13929
6
13937
5
13943
1
13951
3
13959
2
13966
7
13970
5
13978
5
13982
6
13986
1
13994
5
14000
3
14002
5
14011
5
14016
7
14023
5
14032
7
14032
7
14032
6
14037
7
14045
8
14053
5
14053
7
14057
3
14066
6
14074
3
14074
2
14083
6
14090
2
14097
8
14105
1
14105
2
14105
8
14107
4
14110
4
14112
8
14112
2
14120
8
14126
7
14132
1
14141
2
14142
7
14142
2
14147
2
14149
1
14154
8
14157
2
14166
6
14172
1
14173
5
14180
1
14185
4
14187
1
14189
7
14193
8
14201
2
14208
1
14209
2
14217
8
14226
2
14232
3
14237
4
14237
2
14243
1
14249
5
14257
3
14263
7
14272
7
14278
3
14280
8
14287
5
14288
4
14292
6
14295
2
14301
3
14307
6
14315
6
14320
1
14322
2
14326
5
14331
6
14332
3
14334
8
14340
6
14349
2
14351
4
14358
1
14365
7
14373
5
14378
1
14383
4
14392
5
14401
3
14407
5
14416
6
14419
5
14420
5
14423
8
14431
2
14434
3
14442
6
14446
5
14448
4
14451
7
14455
6
14461
1
14462
1
14470
1
14476
2
14483
1
14492
6
14494
4
14503
3
14507
2
14511
2
14515
6
14517
6
14521
2
14527
6
14530
8
14531
1
14539
2
14539
1
14540
2
14547
4
14554
2
14555
6
14562
4
14565
5
14567
2
14572
6
14577
6
14584
4
14592
3
14597
7
14597
6
14606
7
14615
4
14617
8
14620
7
14621
1
14629
3
14629
3
14630
6
14635
5
14638
7
14638
2
14643
3
14644
3
14649
6
14649
4
14655
4
14661
6
14665
7
14667
7
14676
8
14679
4
14680
5
14686
2
14692
5
14696
1
14699
7
14704
7
14708
8
14710
5
14714
4
14718
4
14718
3
14727
5
14730
6
14735
1
14738
4
14739
5
14741
2
14743
7
14745
7
14753
6
14762
7
14767
1
14771
7
14778
2
14784
3
14789
3
14797
8
14798
5
14806
7
14814
5
14816
6
14821
6
14826
8
14832
5
14840
6
14843
4
14848
5
14856
8
14863
2
14866
4
14872
1
14881
8
14881
5
14889
6
14898
5
14904
6
14911
1
14920
5
14927
1
14932
7
14935
2
14936
8
14936
6
14937
5
14941
3
14946
3
14947
1
14955
4
14963
5
14971
5
14978
5
14980
7
14983
6
14989
5
14991
8
14996
6
14999
4
15005
5
15012
4
15021
5
15026
8
15030
7
15035
3
15043
2
15044
4
15044
1
15049
5
15055
1
15063
6
15072
5
15079
6
15087
6
15090
8
15093
6
15097
1
15097
7
15102
8
15106
6
15108
6
15110
6
15111
8
15118
3
15118
7
15127
6
15133
7
15137
7
15142
3
15146
4
15151
4
15155
4
15158
8
15158
1
15159
7
15167
8
15176
7
15185
5
15191
2
15192
5
15192
2
15196
3
15196
6
15201
2
15201
8
15209
4
15209
4
15217
5
15225
4
15234
4
15235
8
15236
2
15245
8
15253
6
15257
2
15261
1
15268
6
15276
8
15279
7
15284
2
15286
7
15292
5
15296
3
15296
8
15296
3
15300
7
15306
7
15312
4
15318
1
15323
2
15327
8
15331
5
15334
7
15337
3
15341
8
15349
6
15351
4
15357
8
15363
4
15364
1
15373
3
15381
7
15386
4
15392
7
15394
6
15398
8
15402
2
15406
4
15412
3
15419
5
15419
5
15419
3
15424
4
15425
8
15434
8
15437
2
15446
5
15455
2
15459
5
15465
3
15467
5
15470
4
15471
2
15474
4
15479
3
15486
7
15494
2
15500
1
15504
7
15509
5
15510
7
15511
8
15513
2
15515
4
15521
6
15525
1
15526
8
15534
3
15541
7
15547
6
15556
1
15558
7
15558
5
15567
6
15572
2
15576
5
15584
2
15586
1
15590
5
15590
4
15598
4
15601
6
15602
8
15611
4
15620
4
15626
8
15633
2
15634
4
15634
8
15639
5
15644
7
15652
4
15661
4
15661
5
15666
8
15674
5
15681
7
15684
2
15688
4
15693
8
15694
2
15695
5
15697
5
15705
5
15711
8
15720
8
15722
6
15723
8
15731
1
15732
6
15740
6
15745
8
15746
2
15750
6
15757
3
15765
6
15774
2
15777
5
15780
3
15780
1
15786
1
15795
5
15802
5
15804
5
15804
8
15805
2
15807
1
15816
6
15819
5
15825
2
15831
8
15836
4
15844
7
15853
3
15861
7
15868
3
15868
5
15870
7
15872
5
15881
7
15884
4
15889
1
15892
7
15901
8
15907
8
15907
7
15913
7
15918
2
15921
4
15928
5
15937
2
15941
5
15941
3
15944
2
15952
8
15954
6
15957
5
15957
8
15965
2
15970
8
15976
2
15979
5
15986
5
15988
1
15992
5
15995
1
16002
8
16003
6
16008
1
16008
7
16015
8
16022
4
16022
7
16025
3
16032
7
16033
4
16038
8
16046
4
16051
3
16060
5
16065
6
16072
8
16078
7
16084
6
16091
7
16092
8
16096
4
16100
1
16101
2
16107
6
16110
3
16110
1
16114
8
16121
8
16123
7
16123
1
16130
3
16131
1
16135
3
16138
8
16141
3
16145
6
16145
3
16148
1
16157
1
16159
5
16162
5
16168
5
16174
3
16180
5
16186
7
16191
6
16196
4
16204
8
16213
5
16222
6
16228
5
16229
3
16234
4
16237
5
16245
1
16248
3
16248
1
16256
1
16262
7
16269
4
16271
5
16274
3
16274
6
16281
6
16285
4
16289
2
16292
2
16293
6
16299
3
16299
3
16305
4
16307
1
16314
6
16319
1
16326
4
16333
4
16340
7
16345
6
16345
1
16352
5
16357
2
16363
1
16370
4
16372
2
16375
3
16381
4
16387
5
16388
2
16393
5
16393
5
16397
1
16399
2
16405
2
16406
6
16415
2
16415
8
16421
5
16430
3
16432
5
16433
1
16435
2
16438
7
16439
1
16448
2
16451
4
16455
4
16458
6
16467
6
16472
2
16472
6
16477
7
16482
2
16489
3
16498
8
16500
3
16505
8
16510
2
16517
2
16520
1
16528
3
16535
8
16537
6
16543
3
16549
7
16555
3
16559
6
16565
7
16570
8
16575
2
16582
3
16583
8
16591
5
16593
3
16601
6
16605
7
16606
2
16610
3
16617
1
16626
3
16635
3
16637
3
16643
1
16648
5
16652
5
16656
4
16664
2
16668
6
16674
4
16683
8
16687
7
16691
7
16699
8
16704
3
16708
7
16711
6
16711
3
16718
3
16723
4
16726
2
16734
7
16741
7
16748
4
16752
7
16760
8
16768
7
16775
1
16777
2
16785
2
16789
1
16789
8
16790
7
16797
3
16805
8
16809
5
16814
4
16815
6
16821
2
16823
1
16824
3
16831
2
16840
1
16849
7
16855
3
16856
7
16858
8
16861
6
16863
4
16871
6
16876
8
16880
1
16884
2
16892
6
16896
7
16896
4
16897
5
16901
3
16902
5
16909
8
16914
8
16921
1
16927
1
16932
6
16934
2
16942
5
16944
7
16950
1
16959
2
16959
4
16967
7
16969
8
16972
3
16976
2
16980
8
16985
6
16993
7
17001
1
17002
3
17005
6
17011
2
17016
7
17020
3
17023
8
17026
3
17035
3
17040
8
17042
3
17045
1
17052
6
17055
4
17056
3
17065
8
17074
6
17080
8
17083
7
17083
3
17087
5
17094
8
17101
3
17109
1
17114
1
17117
8
17119
4
17119
1
17121
5
17122
8
17131
6
17135
2
17144
7
17145
7
17147
6
17150
5
17158
2
17159
5
17159
1
17161
5
17163
1
17164
7
17166
5
17169
7
17169
8
17172
5
17173
4
17180
5
17186
5
17188
6
17192
2
17200
3
17200
3
17204
1
17208
1
17209
6
17212
7
17217
1
17217
5
17218
3
17220
3
17222
5
17222
6
17230
8
17235
8
17243
1
17246
3
17252
2
17252
5
17260
3
17261
4
17269
3
17274
5
17274
6
17282
4
17284
1
17288
6
17292
1
17299
7
17300
6
17302
4
17307
3
17310
4
17310
7
17317
5
17318
1
17321
1
17325
8
17332
2
17333
3
17342
4
17344
6
17344
3
17353
4
17353
8
17362
7
17362
8
17365
7
17372
8
17374
4
17383
4
17388
6
17394
6
17402
5
17402
6
17408
8
17410
5
17419
4
17425
3
17426
8
17432
1
17441
4
17448
5
17456
8
17465
8
17472
1
17481
8
17481
4
17482
7
17486
4
17490
4
17499
1
17508
5
17517
2
17525
6
17533
4
17540
3
17546
4
17546
1
17554
3
17556
4
17557
6
17564
7
17568
3
17569
1
17575
5
17583
6
17588
8
17597
4
17597
6
17605
8
17608
4
17615
7
17620
5
17625
7
17634
8
17638
3
17639
4
17639
6
17642
2
17642
3
17642
1
17643
4
17645
3
17653
6
17653
3
17659
6
17666
3
17675
1
17677
6
17685
1
17691
5
17700
7
17708
6
17717
4
17721
7
17723
7
17725
7
17731
2
17733
6
17741
2
17744
2
17745
4
17745
8
17750
2
17750
4
17752
4
17755
2
17758
4
17767
1
17770
3
17775
5
17780
2
17787
2
17794
3
17795
7
17804
2
17808
7
17814
4
17815
6
17824
5
17825
1
17830
6
17837
1
17838
5
17840
3
17844
2
17853
6
17858
5
17858
3
17865
6
17867
4
17871
5
17878
6
17882
2
17888
1
17897
3
17898
1
17904
7
17911
3
17918
2
17921
1
17924
7
17924
4
17932
5
17935
1
17935
5
17936
5
17936
6
17943
1
17948
8
17956
8
17961
2
17966
3
17968
4
17974
1
17981
6
17984
8
17992
1
17995
7
18001
7
18003
5
18010
3
18013
1
18014
5
18015
1
18015
5
18022
3
18024
6
18024
5
18026
5
18034
1
18041
2
18050
5
18054
5
18060
4
18068
2
18073
8
18081
5
18089
3
18090
5
18092
4
18101
5
18109
3
18113
7
18122
6
18128
2
18137
6
18142
2
18150
2
18159
5
18164
1
18166
3
18169
6
18169
6
18174
4
18179
8
18179
8
18187
8
18193
1
18195
2
18197
4
18206
2
18215
4
18219
7
18226
8
18226
2
18232
4
18233
1
18238
5
18246
3
18248
5
18253
2
18253
3
18255
6
18258
4
18261
5
18270
6
18278
7
18280
7
18285
5
18286
1
18288
5
18292
5
18293
6
18300
7
18305
4
18309
6
18317
8
18325
5
18326
5
18333
2
18339
1
18340
4
18346
7
18354
7
18356
3
18365
5
18368
7
18375
2
18383
8
18383
5
18391
5
18400
1
18409
8
18415
1
18415
8
18417
3
18418
5
18425
5
18426
7
18432
4
18433
3
18439
7
18440
3
18441
3
18450
1
18455
4
18462
1
18469
2
18470
7
18476
8
18483
6
18485
4
18489
8
18489
3
18495
2
18498
6
18501
7
18504
3
18504
5
18507
4
18512
3
18513
4
18517
6
18522
1
18524
4
18527
7
18532
3
18537
3
18544
4
18547
7
18549
7
18550
7
18557
2
18562
2
18568
3
18568
8
18568
4
18572
2
18580
4
18587
2
18589
5
18595
8
18600
4
18601
2
18603
6
18609
4
18614
4
18622
3
18622
3
18628
6
18636
1
18644
6
18650
2
18658
6
18658
1
18667
4
18668
8
18674
2
18682
2
18688
8
18688
5
18690
3
18690
6
18698
5
18701
7
18706
2
18711
1
18720
4
18724
7
18729
3
18731
4
18740
5
18744
4
18747
2
18748
5
18757
1
18763
3
18765
7
18767
6
18773
7
18780
6
18786
6
18790
6
18790
4
18795
7
18799
5
18804
1
18812
2
18816
8
18822
4
18830
3
18834
6
18839
7
18841
4
18848
1
18857
1
18862
8
18869
5
18876
5
18882
2
18883
3
18889
6
18892
2
18896
6
18900
3
18909
8
18912
8
18915
8
18921
3
18921
1
18924
4
18932
8
18935
4
18937
4
18946
2
18949
2
18956
1
18965
4
18968
7
18976
3
18976
8
18982
4
18986
7
18993
7
18999
6
19007
3
19010
3
19012
8
19017
3
19018
6
19021
7
19029
7
19033
2
19038
7
19043
6
19044
4
19046
8
19055
8
19061
4
19066
2
19066
8
19068
6
19069
4
19073
1
19076
2
19085
5
19086
8
19088
6
19090
1
19093
8
19094
1
19100
2
19104
5
19112
3
19118
6
19122
8
19123
8
19129
1
19137
1
19142
3
19147
1
19148
8
19155
6
19160
7
19166
5
19170
2
19173
7
19180
6
19187
7
19194
6
19194
4
19202
4
19205
6
19212
4
19219
7
19227
8
19231
7
19231
3
19235
8
19242
2
19249
5
19249
4
19258
2
19260
6
19269
6
19276
8
19280
1
19286
5
19295
3
19295
6
19304
6
19310
1
19311
4
19311
6
19320
8
19329
1
19334
8
19340
6
19347
1
19355
6
19360
5
19363
1
19368
7
19373
3
19376
2
19379
7
19381
4
19388
2
19388
1
19396
3
19405
7
19406
2
19407
8
19408
6
19416
2
19421
2
19423
6
19428
4
19433
3
19442
3
19442
8
19449
8
19456
5
19463
3
19470
3
19474
8
19480
5
19483
4
19490
4
19498
7
19500
1
19508
7
19511
2
19517
3
19518
3
19521
4
19526
7
19529
2
19537
7
19543
8
19548
8
19555
3
19560
4
19561
4
19561
7
19569
6
19573
2
19573
3
19575
4
19579
7
19585
3
19585
1
19586
7
19594
4
19601
6
19608
2
19613
7
19621
7
19628
4
19637
2
19643
5
19652
5
19661
6
19663
5
19668
8
19669
4
19677
7
19682
1
19691
3
19695
2
19695
1
19703
1
19709
4
19718
4
19721
6
19724
4
19726
5
19732
2
19738
4
19747
1
19756
3
19762
2
19762
5
19765
4
19767
3
19769
8
19775
4
19780
1
19789
2
19792
7
19800
4
19806
2
19812
4
19821
2
19830
4
19835
2
19842
2
19844
3
19849
7
19857
6
19866
1
19875
5
19875
6
19883
1
19886
5
19893
6
19897
8
19899
2
19903
2
19907
7
19912
3
19920
2
19921
8
19928
3
19937
4
19937
8
19945
1
19951
4
19951
2
19953
2
19958
5
19961
3
19967
3
19973
4
19978
1
19981
2
19983
7
19989
7
19998
6
20006
6
20012
8
20021
5
20022
6
20029
7
20029
5
20038
2
20044
2
20046
1
20055
3
20059
1
20067
5
20071
2
20071
5
20075
2
20083
7
20092
1
20097
3
20105
5
20105
8
20113
4
20120
1
20120
2
20122
4
20125
2
20128
6
20133
6
20136
7
20139
5
20141
8
20150
8
20154
8
20161
1
20163
2
20169
1
20177
1
20182
7
20189
8
20193
4
20200
4
20200
7
20204
1
20210
5
20217
1
20222
1
20225
6
20225
4
20227
5
20228
1
20236
6
20242
3
20250
6
20254
6
20260
4
20261
5
20261
2
20266
8
20272
3
20279
6
20282
7
20286
8
20291
2
20293
1
20293
1
20302
2
20311
2
20311
5
20313
4
20317
3
20323
5
20325
8
20326
5
20326
6
20327
2
20336
8
20340
6
20341
1
20344
1
20351
8
20360
8
20363
7
20366
6
20368
2
20373
2
20378
6
20379
7
20379
6
20380
4
20381
7
20386
8
20388
7
20396
8
20405
8
20405
5
20407
1
20412
8
20413
1
20418
6
20425
5
20430
6
20432
2
20440
7
20447
3
20451
4
20456
3
20460
8
20467
1
20470
6
20476
5
20482
3
20491
5
20493
1
20502
1
20510
5
20510
5
20511
2
20513
2
20520
8
20524
5
20532
7
20541
4
20550
3
20551
7
20560
6
20564
2
20568
6
20570
3
20570
5
20578
3
20582
3
20584
4
20589
1
20594
8
20595
7
20601
2
20605
5
20610
5
20618
4
20627
3
20628
2
20631
2
20638
3
20643
6
20647
6
20652
8
20661
2
20670
2
20671
1
20671
5
20672
3
20674
4
20678
7
20679
8
20687
5
20693
5
20696
1
20703
1
20711
3
20711
4
20712
1
20714
1
20721
7
20725
1
20727
3
20731
4
20735
1
20742
1
20749
8
20750
5
20755
5
20760
4
20764
2
20772
3
20775
5
20780
4
20782
1
20786
3
20792
1
20796
3
20800
4
20805
8
20806
1
20815
5
20822
5
20823
7
20831
8
20834
5
20840
3
20845
5
20848
6
20855
4
20862
5
20870
6
20877
4
20886
6
20891
6
20893
5
20895
6
20895
6
20896
7
20898
6
20899
4
20908
1
20912
4
20917
3
20925
2
20931
5
20939
6
20942
7
20946
3
20955
7
20955
1
20959
1
20964
4
20970
1
20970
6
20977
6
20984
8
20984
4
20989
4
20989
4
20989
8
20991
7
20998
6
21006
7
21014
6
21020
2
21020
7
21023
7
21023
6
21032
2
21033
5
21039
4
21041
8
21042
6
21045
6
21046
2
21051
6
21052
7
21055
8
21057
2
21061
2
21064
2
21065
3
21069
3
21075
5
21078
3
21080
6
21081
2
21089
7
21096
3
21100
5
21101
7
21105
2
21105
7
21107
6
21116
8
21118
1
21124
6
21130
3
21132
4
21138
2
21142
8
21144
7
21148
2
21155
8
21159
7
21160
1
21164
7
21166
4
21175
1
21177
2
21182
6
21189
4
21192
7
21197
4
21203
5
21203
3
21206
7
21207
4
21212
6
21215
5
21223
5
21228
4
21230
2
21235
7
21244
5
21245
7
21247
4
21256
1
21260
3
21269
8
21278
7
21283
8
21284
6
21290
8
21290
7
21290
1
21297
1
21303
8
21305
4
21306
5
21314
4
21322
6
21330
5
21335
6
21343
4
21347
5
21348
6
21352
4
21357
5
21365
3
21373
4
21377
1
21378
1
21386
4
21393
3
21402
2
21411
6
21419
8
21426
4
21428
6
21436
1
21440
4
21448
1
21448
6
21451
3
21451
6
21456
4
21463
1
21468
5
21473
7
21476
4
21482
2
21491
4
21494
3
21499
3
21508
2
21514
8
21521
5
21527
3
21532
5
21541
5
21549
6
21552
6
21557
2
21557
3
21561
4
21565
7
21567
5
21575
4
21575
3
21575
6
21583
8
21591
8
21600
2
21603
2
21606
6
21606
2
21614
3
21615
6
21623
2
21631
8
21635
3
21643
6
21652
6
21657
6
21658
8
21663
2
21670
5
21672
6
21680
2
21683
7
21685
5
21687
6
21689
7
21691
5
21700
7
21700
7
21703
2
21712
7
21720
5
21726
4
21728
7
21736
6
21741
2
21745
7
21749
3
21757
7
21766
6
21766
7
21768
6
21777
6
21784
7
21789
3
21796
6
21802
2
21807
4
21807
7
21811
7
21820
7
21829
2
21837
8
21843
5
21843
1
21843
8
21850
8
21858
6
21863
3
21869
2
21875
7
21879
5
21881
6
21887
5
21896
2
21899
6
21900
4
21905
6
21910
6
21912
3
21917
2
21917
7
21920
6
21925
3
21932
8
21932
5
21940
5
21945
7
21951
2
21955
4
21960
8
21967
1
21975
2
21981
6
21984
5
21993
6
22002
7
22011
2
22013
3
22021
7
22029
5
22035
4
22043
7
22044
6
22047
8
22053
7
22062
6
22064
6
22072
3
22074
1
22079
6
22080
3
22089
5
22096
4
22104
6
22112
8
22118
6
22121
2
22130
5
22139
8
22140
7
22141
3
22142
5
22143
5
22143
6
22152
6
22157
8
22162
2
22164
2
22173
2
22176
1
22178
4
22180
5
22187
2
22191
1
22199
4
22200
1
22201
7
22203
3
22203
6
22204
7
22210
2
22217
7
22221
2
22229
7
22233
6
22240
3
22241
3
22248
2
22253
6
22256
3
22262
5
22271
4
22274
8
22281
2
22287
1
22291
6
22298
5
22299
6
22303
7
22303
1
22306
6
22315
6
22323
6
22331
4
22334
4
22342
5
22344
7
22346
4
22346
4
22353
8
22357
5
22357
5
22365
6
22372
4
22376
4
22379
4
22386
5
22388
5
22393
8
22394
1
22397
6
22404
5
22411
6
22416
3
22422
7
22424
4
22433
8
22433
1
22441
6
22445
5
22448
4
22448
1
22456
1
22465
8
22472
1
22478
8
22487
6
22492
6
22497
8
22503
8
22507
8
22515
7
22522
2
22529
8
22537
4
22543
1
22544
7
22549
1
22551
7
22554
1
22561
3
22566
8
22571
8
22573
1
22580
4
22585
3
22586
3
22588
6
22590
3
22591
7
22600
8
22602
8
22606
8
22611
4
22614
7
22618
1
22619
3
22627
2
22636
4
22644
1
22648
1
22649
8
22655
4
22664
5
22670
3
22675
7
22675
3
22684
7
22691
1
22691
1
22692
7
22695
1
22703
6
22708
8
22715
1
22722
5
22726
1
22732
8
22734
5
22736
4
22740
4
22747
5
22750
7
22754
7
22761
3
22763
1
22767
6
22769
2
22773
4
22777
5
22781
8
22783
5
22788
5
22791
6
22800
4
22805
1
22814
8
22819
4
22824
1
22825
8
22830
3
22832
1
22837
4
22839
7
22848
6
22853
5
22857
6
22866
3
22874
6
22879
5
22879
1
22884
6
22889
2
22896
8
22899
8
22905
3
22913
7
22915
1
22917
2
22921
6
22922
5
22930
6
22935
5
22937
1
22942
3
22951
3
22958
8
22962
8
22967
4
22968
8
22976
7
22984
8
22984
2
22985
6
22991
3
22993
1
22994
4
22995
2
22999
5
23000
5
23007
3
23011
7
23014
7
23023
2
23026
4
23034
6
23040
8
23047
1
23047
4
23049
3
23056
8
23062
6
23065
2
23065
8
23065
5
23072
8
23078
2
23080
1
23086
3
23086
6
23093
3
23093
6
23096
4
23103
8
23109
5
23110
8
23115
5
23119
4
23120
5
23120
5
23125
1
23131
3
23138
8
23139
8
23145
3
23151
5
23155
4
23160
4
23169
8
23176
6
23178
4
23187
6
23190
5
23193
5
23196
8
23198
5
23203
6
23212
7
23212
8
23221
6
23226
2
23235
8
23240
5
23244
8
23247
7
23254
3
23255
3
23261
8
23264
3
23266
5
23269
8
23270
4
23276
8
23276
5
23282
8
23282
7
23290
3
23292
3
23295
8
23299
3
23301
6
23302
8
23305
3
23314
2
23321
2
23328
4
23334
6
23343
4
23346
8
23349
5
23355
7
23360
4
23364
5
23365
1
23369
1
23375
4
23376
7
23379
4
23386
6
23395
5
23400
8
23408
2
23410
6
23416
1
23419
8
23420
1
23423
4
23426
3
23432
6
23435
4
23438
2
23441
2
23446
2
23452
7
23458
2
23462
5
23467
1
23472
5
23478
3
23483
8
23483
6
23484
8
23486
5
23495
1
23500
4
23508
3
23515
4
23519
5
23524
1
23524
3
23532
3
23537
6
23541
5
23545
4
23553
5
23557
7
23565
3
23571
3
23576
6
23582
7
23586
1
23589
5
23592
6
23592
2
23592
4
23595
5
23604
7
23611
3
23616
4
23625
6
23625
8
23631
4
23637
7
23638
2
23646
6
23649
3
23655
8
23658
8
23659
6
23664
6
23667
6
23675
2
23682
3
23687
6
23691
8
23699
4
23707
4
23708
7
23715
4
23716
6
23722
2
23731
8
23731
6
23731
5
23732
7
23739
6
23747
3
23749
4
23758
3
23760
5
23768
1
23777
5
23786
5
23791
6
23791
4
23793
7
23801
4
23804
1
23809
4
23814
7
23822
4
23827
4
23832
5
23832
6
23834
4
23840
5
23845
3
23852
8
23858
3
23859
6
23863
8
23871
8
23880
2
23884
8
23887
2
23887
6
23892
2
23897
8
23897
5
23898
8
23903
8
23907
4
23911
2
23919
8
23925
6
23928
8
23937
1
23938
3
23943
2
23944
8
23953
6
23958
1
23963
5
23965
2
23968
1
23968
5
23972
4
23972
5
23980
8
23984
7
23985
8
23986
4
23991
5
23998
2
24006
4
24006
3
24006
4
24010
5
24012
1
24012
1
24018
3
24020
1
24022
6
24025
5
24034
1
24038
4
24039
4
24046
3
24049
6
24057
3
24064
1
24067
8
24069
8
24073
7
24074
1
24082
3
24084
3
24091
5
24091
1
24093
5
24099
7
24104
1
24111
3
24116
4
24116
5
24120
7
24128
6
24134
6
24143
1
24149
8
24152
1
24156
2
24165
5
24169
5
24173
1
24179
7
24181
4
24183
1
24186
6
24194
7
24203
6
24210
4
24216
3
24216
4
24223
5
24230
3
24238
8
24239
3
24244
1
24253
4
24261
5
24263
5
24266
4
24275
1
24278
7
24279
6
24284
8
24290
4
24293
2
24298
6
24304
7
24308
4
24315
5
24322
8
24326
6
24329
1
24333
4
24340
3
24349
7
24354
3
24360
1
24360
1
24364
6
24366
5
24369
6
24378
4
24386
6
24393
1
24401
5
24403
1
24408
1
24414
2
24414
4
24414
4
24422
5
24423
2
24423
3
24423
3
24424
4
24427
2
24428
2
24434
8
24443
5
24450
5
24452
8
24457
6
24457
8
24466
3
24471
5
24474
4
24477
8
24478
3
24479
3
24479
6
24482
3
24490
1
24498
4
24499
5
24505
7
24509
1
24511
1
24519
3
24526
6
24526
4
24535
1
24544
6
24547
3
24553
4
24562
5
24565
3
24567
8
24570
1
24576
1
24582
6
24585
5
24594
5
24594
4
24600
4
24609
1
24616
4
24625
4
24634
7
24635
4
24640
8
24649
1
24652
8
24656
4
24656
7
24663
6
24672
8
24674
4
24682
1
24685
3
24691
5
24691
4
24693
5
24701
3
24709
6
24716
4
24718
2
24719
8
24722
7
24722
6
24724
7
24724
4
24733
3
24738
2
24743
4
24749
6
24752
2
24759
2
24761
8
24763
5
24771
2
24776
1
24779
3
24785
8
24787
2
24788
8
24794
3
24799
3
24802
4
24811
5
24820
5
24820
7
24824
2
24824
4
24833
2
24838
2
24839
6
24840
2
24842
4
24850
6
24856
1
24862
1
24867
2
24875
3
24884
3
24888
8
24897
8
24904
8
24912
6
24915
4
24918
6
24920
5
24920
2
24925
7
24929
7
24930
4
24937
5
24942
4
24947
1
24954
7
24955
6
24962
4
24970
6
24974
5
24975
5
24976
8
24982
2
24991
4
24997
1
24997
4
25002
5
25003
2
25008
4
25011
5
25016
6
25018
2
25018
1
25022
6
25029
5
25037
8
25038
7
25046
2
25052
8
25061
7
25066
7
25072
5
25072
3
25080
3
25085
1
25093
1
25100
1
25105
6
25111
5
25115
8
25121
2
25130
1
25137
8
25138
7
25145
1
25152
8
25159
1
25168
6
25169
7
25177
3
25184
5
25186
1
25193
6
25199
7
25199
8
25201
8
25202
5
25205
8
25213
1
25219
7
25225
6
25228
8
25229
1
25237
5
25245
2
25249
4
25250
1
25258
4
25262
2
25269
1
25271
4
25271
1
25275
8
25275
7
25281
8
25287
8
25291
6
25299
6
25305
4
25314
4
25315
2
25316
8
25322
4
25329
2
25331
6
25334
1
25342
6
25345
5
25353
1
25355
1
25362
8
25366
4
25373
8
25382
1
25390
2
25393
2
25400
8
25409
4
25411
3
25413
3
25419
2
25428
7
25433
1
25437
5
25442
8
25449
2
25456
4
25462
8
25471
7
25474
5
25482
6
25484
3
25490
7
25498
3
25503
5
25507
6
25513
6
25516
5
25522
2
25526
7
25531
7
25538
3
25547
5
25548
7
25557
6
25565
8
25568
4
25573
6
25575
1
25578
8
25586
8
25590
3
25595
4
25599
8
25602
5
25603
2
25609
2
25611
4
25613
8
25617
6
25623
8
25625
8
25628
5
25633
4
25637
6
25642
5
25650
5
25658
2
25662
4
25665
5
25671
8
25675
4
25678
2
25686
8
25692
2
25700
4
25709
7
25713
2
25717
4
25724
6
25728
4
25730
8
25734
2
25740
5
25744
3
25747
4
25753
6
25755
5
25760
7
25763
1
25771
6
25775
7
25775
5
25776
4
25784
5
25787
1
25790
2
25794
7
25801
4
25805
7
25805
7
25809
7
25809
2
25818
1
25824
1
25828
7
25829
7
25836
6
25843
7
25847
5
25848
7
25850
1
25857
1
25861
6
25870
2
25874
7
25881
8
25888
7
25888
3
25889
8
25897
4
25903
5
25906
6
25906
7
25911
7
25913
1
25916
2
25917
8
25926
6
25929
5
25933
7
25938
4
25944
7
25953
8
25960
5
25960
7
25961
2
25966
8
25966
2
25966
1
25967
7
25975
5
25979
6
25979
6
25980
4
25986
6
25993
5
25999
1
26001
1
26004
4
26009
5
26015
8
26018
6
26024
7
26029
4
26033
1
26033
7
26042
4
26045
4
26049
4
26049
2
26049
7
26057
1
26061
4
26070
3
26076
8
26081
6
26088
5
26095
3
26104
8
26106
3
26108
4
26114
5
26114
1
26123
6
26123
3
26124
1
26127
7
26135
4
26143
3
26147
6
26154
5
26163
7
26168
1
26175
6
26183
8
26184
3
26184
6
26187
8
26190
2
26199
4
26200
1
26201
7
26207
1
26207
5
26208
8
26208
1
26208
6
26208
6
26213
7
26214
2
26223
2
26232
6
26234
3
26235
1
26237
2
26246
5
26249
4
26255
2
26260
6
26262
5
26269
4
26270
4
26275
8
26284
5
26286
4
26286
2
26288
1
26294
5
26295
4
26300
3
26304
4
26308
5
26311
5
26311
2
26312
7
26313
5
26313
4
26313
2
26320
7
26320
1
26320
5
26322
2
26325
3
26332
1
26337
5
26345
1
26352
7
26356
4
26360
6
26368
2
26375
8
26379
5
26387
2
26387
3
26388
8
26388
4
26394
5
26400
6
26407
6
26407
2
26415
2
26418
2
26427
7
26436
4
26443
3
26448
7
26453
4
26454
8
26454
7
26455
2
26463
3
26466
8
26475
8
26480
2
26481
7
26486
2
26493
7
26500
2
26504
8
26508
6
26511
8
26518
2
26520
1
26522
1
26530
6
26539
1
26544
7
26547
6
26556
7
26556
4
26561
8
26565
7
26567
2
26573
3
26575
5
26582
4
26584
3
26588
4
26588
3
26588
1
26590
8
26595
1
26599
5
26602
6
26611
1
26614
6
26618
4
26621
4
26629
2
26634
4
26636
8
26644
1
26646
5
26649
5
26656
7
26656
2
26657
4
26663
5
26663
6
26670
2
26679
7
26681
7
26682
8
26691
3
26696
4
26700
5
26701
6
26703
2
26706
2
26710
3
26712
4
26715
2
26722
6
26725
4
26726
1
26733
3
26736
1
26744
1
26746
5
26750
8
26755
2
26757
8
26761
7
26764
3
26772
6
26779
6
26780
8
26789
7
26798
5
26799
1
26805
5
26810
1
26813
5
26815
2
26815
3
26815
2
26818
4
26823
8
26830
3
26835
6
26837
8
26838
3
26847
1
26851
3
26853
3
26861
6
26862
3
26870
5
26871
6
26880
5
26886
2
26888
3
26892
7
26898
8
26900
1
26907
6
26915
7
26923
8
26923
4
26931
4
26933
3
26934
4
26937
8
26938
5
26946
2
26953
6
26953
8
26957
7
26960
1
26961
3
26964
3
26972
8
26973
6
26980
2
26982
3
26985
7
26987
2
26996
6
26997
8
27006
2
27011
6
27014
7
27021
4
27030
1
27035
2
27038
2
27039
5
27046
4
27046
2
27049
1
27050
8
27055
1
27059
4
27068
5
27070
4
27070
6
27077
4
27085
4
27091
6
27096
4
27104
7
27110
1
27115
2
27115
7
27120
7
27128
5
27129
7
27135
5
27138
1
27147
2
27151
7
27160
3
27166
6
27167
7
27169
4
27178
3
27182
5
27186
8
27192
5
27196
8
27201
7
27203
4
27207
3
27207
1
27216
3
27224
7
27227
3
27228
7
27233
6
27234
1
27239
4
27243
4
27246
5
27251
5
27251
6
27260
7
27267
7
27274
6
27277
6
27283
8
27285
1
27289
8
27292
2
27293
8
27302
6
27304
8
27312
1
27315
4
27322
2
27324
2
27330
4
27333
1
27334
3
27335
8
27335
5
27341
6
27343
1
27348
7
27348
1
27355
6
27359
6
27368
7
27369
2
27371
1
27374
2
27383
7
27388
8
27389
8
27389
4
27392
1
27393
4
27400
7
27400
4
27409
2
27411
3
27411
8
27420
8
27423
8
27423
4
27429
4
27438
1
27438
8
27442
5
27444
1
27449
7
27450
8
27452
7
27453
4
27458
6
27462
2
27469
2
27471
8
27477
5
27483
1
27485
2
27487
4
27490
3
27491
7
27498
4
27507
1
27513
6
27520
7
27523
1
27526
6
27527
4
27535
7
27537
6
27539
5
27548
1
27557
6
27564
5
27572
6
27576
3
27580
7
27588
8
27591
1
27596
3
27605
3
27612
6
27614
1
27620
3
27624
2
27630
4
27635
3
27640
5
27648
6
27648
3
27652
4
27658
5
27667
6
27674
1
27681
2
27686
6
27687
4
27696
2
27697
4
27704
4
27704
8
27704
6
27710
6
27718
7
27718
2
27719
6
27724
4
27731
6
27739
6
27747
7
27749
5
27756
7
27764
5
27771
5
27774
8
27777
7
27782
2
27784
1
27786
6
27787
8
27794
3
27802
4
27804
8
27812
5
27820
1
27825
7
27825
1
27826
8
27835
4
27838
6
27840
5
27844
7
27850
6
27856
8
27860
7
27868
6
27868
3
27871
5
27877
6
27879
6
27879
7
27886
1
27893
3
27893
5
27901
4
27907
4
27915
4
27917
7
27920
1
27924
1
27924
5
27932
8
27939
2
27939
4
27948
2
27950
5
27958
2
27966
1
27966
3
27970
5
27971
5
27974
6
27982
3
27987
6
27992
6
28000
1
28000
7
28002
6
28004
1
28009
4
28012
5
28013
6
28019
1
28028
6
28028
6
28037
6
28037
1
28039
3
28048
1
28049
3
28056
8
28064
1
28072
1
28077
6
28079
8
28082
6
28088
4
28094
6
28100
3
28102
2
28102
5
28104
5
28106
6
28108
6
28109
5
28115
8
28123
8
28125
5
28129
2
28129
8
28134
5
28140
5
28149
6
28157
5
28157
7
28166
7
28168
4
28175
7
28184
4
28193
3
28194
6
28200
6
28208
3
28217
6
28223
3
28226
7
28231
4
28234
8
28236
8
28237
7
28238
4
28242
1
28247
6
28247
6
28251
6
28251
8
28259
1
28262
6
28270
8
28274
3
28275
5
28283
4
28290
3
28299
4
28304
4
28305
6
28313
7
28322
5
28326
7
28329
4
28330
6
28339
7
28345
2
28351
5
28351
1
28355
1
28358
1
28361
8
28366
5
28374
6
28374
4
28379
5
28388
4
28390
5
28399
3
28400
3
28400
3
28409
5
28412
5
28421
4
28421
6
28430
4
28439
4
28444
3
28452
5
28455
2
28463
2
28472
1
28475
8
28480
5
28484
7
28489
3
28498
6
28507
4
28507
5
28508
4
28516
1
28524
5
28533
2
28533
7
28539
5
28544
7
28551
1
28560
7
28563
7
28568
6
28576
1
28580
4
28589
7
28593
2
28593
2
28602
6
28608
3
28612
3
28614
7
28615
6
28624
5
28624
2
28632
2
28639
7
28644
1
28648
7
28648
8
28648
8
28652
1
28657
7
28662
3
28671
6
28672
7
28679
6
28681
4
28683
8
28692
2
28695
7
28698
8
28703
6
28704
5
28713
5
28715
6
28717
6
28721
1
28725
3
28734
7
28743
3
28747
7
28751
7
28760
1
28765
3
28771
7
28779
2
28781
3
28789
6
28789
1
28791
1
28795
6
28797
1
28801
2
28807
7
28812
4
28820
4
28820
2
28829
4
28831
3
28833
8
28835
3
28843
6
28852
6
28854
6
28855
6
28862
3
28862
5
28871
5
28879
6
28884
4
28886
7
28887
6
28892
2
28892
1
28898
5
28907
6
28912
4
28912
6
28915
8
28918
1
28922
4
28925
7
28926
6
28932
1
28940
8
28940
3
28940
6
28944
2
28948
5
28951
3
28953
8
28958
4
28959
6
28965
5
28972
8
28977
7
28981
2
28987
3
28990
8
28998
4
29006
5
29008
5
29017
5
29022
5
29031
8
29034
6
29041
1
29045
1
29045
3
29051
2
29053
8
29062
7
29067
2
29076
1
29083
1
29091
5
29097
3
29099
5
29103
1
29103
6
29110
4
29115
4
29120
5
29124
6
29126
5
29133
1
29133
1
29141
3
29144
6
29145
1
29149
1
29158
6
29164
6
29168
1
29172
1
29174
5
29178
6
29184
1
29190
6
29195
1
29198
3
29204
2
29208
7
29215
6
29216
7
29219
6
29228
5
29229
2
29238
5
29246
3
29254
2
29256
2
29258
2
29261
1
29262
6
29264
5
29270
2
29275
4
29277
4
29279
1
29282
7
29290
2
29290
3
29299
7
29301
2
29303
3
29305
7
29306
4
29311
1
29316
6
29320
5
29329
5
29334
3
29343
1
29350
8
29351
1
29352
3
29360
6
29362
5
29371
4
29378
8
29386
8
29395
8
29399
5
29401
1
29403
7
29409
3
29412
5
29415
5
29416
4
29421
1
29429
7
29433
2
29437
5
29438
3
29442
1
29447
1
29452
3
29456
6
29464
5
29464
4
29472
4
29478
2
29481
6
29485
7
29493
8
29499
5
29502
4
29508
1
29517
8
29518
6
29526
3
29528
6
29531
5
29536
8
29540
8
29549
6
29554
6
29560
3
29560
7
29566
2
29575
5
29583
3
29586
7
29595
2
29600
8
29605
5
29606
8
29613
5
29615
1
29620
8
29626
2
29629
7
29632
5
29640
2
29649
6
29651
1
29656
3
29656
5
29659
2
29665
3
29668
2
29675
5
29678
6
29678
3
29684
4
29690
4
29690
1
29698
3
29705
5
29709
8
29709
2
29717
8
29721
2
29723
1
29723
6
29732
1
29735
4
29739
7
29748
2
29751
8
29755
6
29760
7
29763
6
29766
8
29770
8
29775
2
29783
6
29788
7
29793
6
29795
3
29798
2
29803
5
29806
4
29810
2
29812
2
29814
3
29819
5
29821
8
29823
6
29831
8
29835
6
29838
8
29838
7
29845
2
29850
8
29857
1
29865
1
29866
1
29873
5
29882
1
29890
8
29891
8
29891
3
29891
7
29892
2
29899
2
29903
3
29912
4
29917
6
29918
4
29926
4
29931
6
29933
3
29937
7
29938
6
29942
5
29947
1
29947
3
29947
2
29955
7
29959
8
29959
6
29960
7
29960
6
29968
3
29969
2
29974
6
29979
6
29986
1
29992
6
29998
4
30005
4
30012
1
30018
6
30021
8
30023
8
30027
3
30030
8
30032
3
30036
3
30044
5
30049
8
30055
3
30056
4
30056
6
30065
3
30065
1
30070
3
30076
7
30076
3
30078
2
30086
1
30086
4
30094
1
30099
6
30107
7
30107
6
30107
7
30108
3
30108
8
30110
1
30118
4
30119
7
30127
2
30131
7
30131
1
30139
7
30145
7
30145
4
30153
8
30153
7
30154
3
30161
3
30166
4
30166
8
30175
7
30178
6
30187
2
30187
8
30196
7
30197
5
30206
8
30214
3
30221
1
30225
1
30232
2
30238
2
30246
3
30247
5
30252
4
30253
8
30257
8
30258
2
30260
1
30262
6
30271
3
30274
7
30282
8
30288
1
30297
3
30298
3
30301
4
30305
2
30313
6
30313
8
30314
2
30315
6
30320
1
30328
5
30334
5
30338
8
30338
3
30347
6
30349
5
30358
4
30361
2
30361
2
30365
4
30369
7
30375
2
30379
3
30388
7
30393
1
30398
5
30405
7
30411
5
30420
5
30425
1
30428
2
30429
3
30434
7
30439
3
30442
7
30442
1
30449
5
30456
7
30460
4
30460
4
30466
2
30468
1
30474
6
30475
4
30475
7
30479
2
30479
2
30479
5
30483
4
30492
6
30494
7
30503
6
30511
5
30520
8
30523
7
30532
7
30537
2
30539
5
30547
3
30556
4
30556
5
30559
3
30560
4
30565
6
30566
5
30573
2
30574
3
30583
7
30590
7
30598
4
30602
3
30604
8
30612
5
30612
4
30619
8
30620
3
30620
1
30622
6
30630
6
30630
4
30635
7
30641
5
30643
5
30643
4
30645
4
30649
7
30651
7
30656
6
30658
6
30661
6
30666
1
30671
1
30680
3
30685
3
30694
5
30697
2
30698
2
30698
8
30707
6
30710
6
30713
2
30714
3
30717
1
30722
2
30726
2
30726
6
30726
5
30734
6
30735
4
30736
5
30745
3
30747
1
30750
6
30757
2
30760
2
30764
6
30765
6
30765
1
30767
6
30774
6
30778
4
30783
3
30789
8
30793
7
30796
7
30805
5
30807
8
30810
1
30811
3
30815
4
30815
4
30824
1
30827
8
30832
5
30838
1
30841
5
30843
6
30849
6
30855
8
30857
2
30861
4
30865
5
30869
8
30869
5
30872
3
30874
6
30876
5
30877
7
30878
5
30882
2
30884
5
30884
3
30891
7
30892
7
30901
1
30909
8
30913
1
30922
4
30924
4
30929
7
30936
8
30942
3
30948
2
30955
8
30955
4
30955
5
30964
8
30971
7
30971
5
30980
4
30981
1
30985
2
30989
5
30989
7
30992
3
31001
4
31002
5
31007
5
31007
3
31007
7
31013
7
31013
2
31015
2
31021
1
31022
8
31031
6
31032
3
31033
4
31039
5
31047
4
31056
6
31059
2
31063
4
31063
6
31067
8
31074
6
31081
4
31087
8
31087
7
31090
4
31093
6
31097
7
31098
5
31099
4
31101
1
31108
7
31114
6
31121
1
31129
7
31138
8
31145
4
31153
2
31162
8
31163
5
31171
3
31178
1
31182
1
31182
2
31187
2
31188
6
31197
6
31204
3
31205
4
31207
6
31207
8
31215
6
31215
8
31218
1
31224
2
31230
5
31231
8
31235
6
31240
4
31246
4
31253
7
31254
5
31263
7
31263
4
31266
4
31269
7
31272
6
31275
6
31277
4
31283
7
31283
5
31283
4
31287
8
31290
2
31291
4
31298
4
31300
4
31307
3
31307
4
31316
3
31320
8
31325
8
31328
4
31336
5
31337
5
31341
4
31348
2
31350
2
31351
2
31353
5
31360
6
31363
1
31365
6
31367
6
31370
8
31376
1
31383
4
31387
3
31393
6
31394
3
31401
5
31406
3
31410
2
31414
4
31416
4
31425
8
31428
4
31434
4
31436
3
31445
7
31448
1
31452
4
31455
1
31461
3
31463
6
31464
8
31472
2
31473
1
31482
8
31491
4
31497
2
31498
4
31500
6
31500
1
31508
2
31515
8
31522
5
31524
4
31533
8
31537
7
31546
2
31554
3
31555
1
31563
7
31564
5
31573
6
31573
6
31581
1
31587
1
31588
4
31589
5
31589
3
31598
2
31600
5
31609
8
31612
1
31621
3
31627
4
31627
2
31629
7
31637
5
31643
2
31647
4
31654
2
31659
1
31664
8
31666
8
31670
1
31675
3
31680
7
31682
3
31683
2
31690
4
31697
8
31706
5
31710
1
31712
7
31716
6
31721
2
31724
5
31725
6
31725
1
31729
4
31736
8
31743
7
31748
6
31749
6
31749
3
31750
1
31755
1
31762
5
31763
7
31765
6
31771
3
31777
6
31779
4
31783
5
31787
3
31790
8
31796
8
31802
1
31808
6
31810
8
31810
2
31819
5
31819
5
31822
4
31824
7
31826
5
31830
3
31830
4
31835
4
31836
7
31842
6
31843
3
31851
3
31852
7
31858
4
31867
1
31867
7
31871
7
31872
6
31874
6
31874
1
31881
5
31881
5
31889
1
31889
8
31889
2
31896
3
31896
6
31904
6
31905
2
31913
6
31919
8
31923
5
31930
5
31934
4
31942
2
31949
4
31951
7
31960
5
31968
4
31974
8
31978
5
31980
7
31980
4
31985
2
31990
2
31998
1
31998
6
32005
2
32009
8
32011
8
32013
1
32018
2
32021
3
32023
1
32026
6
32034
6
32035
5
32037
2
32038
3
32043
7
32047
4
32049
5
32052
5
32054
4
32054
6
32060
6
32060
2
32067
7
32075
3
32077
2
32084
6
32088
8
32091
8
32096
3
32102
5
32107
1
32107
3
32110
8
32115
1
32117
1
32123
7
32126
2
32130
6
32138
8
32144
5
32145
3
32145
8
32150
2
32150
8
32150
5
32155
2
32155
3
32162
2
32165
3
32167
5
32169
5
32177
2
32185
4
32190
7
32199
4
32206
3
32208
6
32217
3
32219
1
32223
5
32230
4
32231
4
32239
5
32244
6
32251
4
32259
1
32267
4
32274
7
32283
8
32291
5
32292
5
32299
4
32304
3
32309
7
32318
4
32324
6
32329
5
32335
2
32343
3
32349
8
32356
2
32363
1
32363
6
32366
7
32370
2
32377
2
32379
3
32387
4
32392
5
32396
5
32399
4
32403
5
32405
6
32408
6
32417
5
32426
5
32428
5
32437
3
32440
1
32441
3
32448
3
32451
6
32459
4
32463
8
32464
6
32468
2
32471
8
32473
5
32479
2
32481
6
32483
4
32488
7
32489
7
32494
7
32501
7
32501
5
32502
3
32506
2
32507
6
32507
8
32513
5
32513
5
32514
3
32518
8
32523
7
32530
7
32535
6
32536
5
32541
2
32550
3
32553
7
32558
3
32561
5
32567
2
32576
3
32580
7
32588
4
32594
8
32596
2
32605
5
32608
7
32617
3
32619
4
32622
3
32623
5
32630
7
32632
1
32639
5
32645
2
32654
7
32662
3
32669
5
32677
8
32679
2
32684
3
32690
1
32691
7
32695
2
32703
6
32706
4
32714
1
32715
8
32722
3
32728
4
32737
6
32744
1
32746
6
32750
5
32755
1
32757
2
32758
4
32763
8
32765
3
32766
2
32772
6
32778
7
32786
8
32794
3
32796
3
32803
1
32807
6
32815
3
32820
2
32825
1
32826
2
32831
3
32838
7
32838
1
32838
2
32840
3
32842
8
32846
3
32853
6
32861
8
32861
5
32862
3
32863
5
32868
8
32871
4
32875
1
32880
8
32888
1
32889
7
32892
1
32899
2
32901
1
32906
7
32912
8
32918
1
32926
4
32934
4
32937
1
32938
3
32939
5
32948
2
32948
3
32954
3
32955
5
32960
3
32963
5
32963
3
32964
3
32968
2
32970
2
32979
4
32986
5
32993
2
32997
4
32997
2
33001
4
33006
1
33008
7
33012
4
33020
4
33022
6
33027
7
33034
4
33035
5
33042
6
33050
4
33050
7
33051
8
33055
2
33056
7
33059
5
33068
4
33070
5
33076
2
33084
1
33084
5
33089
6
33089
3
33089
1
33098
2
33101
6
33104
6
33108
7
33116
2
33120
7
33120
4
33125
7
33126
6
33131
7
33132
1
33135
6
33141
1
33149
6
33151
2
33159
5
33162
8
33165
2
33170
2
33173
3
33179
1
33182
4
33191
6
33197
2
33199
4
33208
8
33208
3
33212
6
33213
8
33218
7
33218
5
33227
7
33231
6
33233
8
33238
5
33242
8
33250
7
33251
8
33259
5
33265
6
33272
4
33275
8
33284
5
33290
1
33293
8
33301
7
33308
5
33308
5
33317
7
33324
2
33328
3
33335
7
33344
7
33350
2
33353
3
33358
6
33362
7
33369
1
33371
7
33380
8
33383
3
33389
2
33392
6
33397
5
33401
2
33402
5
33410
6
33414
8
33417
7
33425
2
33425
5
33427
4
33431
5
33439
7
33445
1
33448
6
33452
8
33454
3
33456
2
33460
1
33461
4
33461
4
33465
6
33468
7
33468
8
33470
4
33479
3
33487
5
33495
5
33504
8
33513
4
33514
6
33523
8
33531
6
33534
2
33535
8
33544
5
33547
1
33548
1
33550
5
33559
8
33561
4
33567
2
33568
2
33575
4
33577
4
33579
6
33580
5
33580
3
33589
8
33590
5
33591
5
33595
3
33602
4
33609
1
33612
5
33613
7
33613
3
33617
2
33618
3
33619
3
33619
6
33624
8
33628
8
33636
2
33645
4
33647
3
33652
8
33657
5
33662
4
33666
3
33666
5
33667
3
33667
7
33671
3
33679
4
33682
2
33685
7
33691
8
33699
6
33699
3
33707
8
33715
5
33723
4
33730
7
33738
5
33744
6
33745
1
33746
6
33755
7
33755
3
33764
1
33773
2
33782
5
33782
3
33790
5
33797
7
33798
6
33801
6
33809
1
33809
6
33815
3
33820
4
33824
3
33829
4
33829
1
33829
1
33832
3
33834
4
33843
4
33852
7
33859
5
33862
6
33868
6
33869
4
33872
5
33874
8
33880
8
33886
8
33886
3
33888
5
33888
2
33892
2
33897
3
33902
5
33906
5
33907
6
33909
4
33909
7
33915
5
33916
1
33918
5
33918
5
33926
7
33933
7
33936
2
33938
8
33941
5
33943
4
33950
1
33957
2
33960
6
33968
6
33969
7
33969
6
33971
2
33976
5
33979
8
33987
2
33994
7
33999
6
33999
5
34003
1
34005
5
34010
8
34019
1
34021
4
34021
4
34030
2
34031
8
34040
8
34047
4
34049
4
34055
7
34062
6
34068
6
34075
2
34080
1
34088
8
34096
2
34096
5
34105
5
34108
8
34117
1
34119
8
34128
2
34129
5
34131
8
34136
7
34138
8
34147
1
34154
7
34158
8
34161
7
34161
4
34162
8
34170
2
34177
8
34179
6
34186
8
34187
7
34189
5
34192
7
34193
5
34201
4
34201
3
34201
4
34203
5
34207
6
34210
5
34214
6
34223
6
34228
3
34237
6
34243
8
34249
4
34255
8
34259
6
34259
2
34265
6
34272
8
34281
1
34286
5
34292
5
34294
8
34295
7
34298
6
34307
5
34312
5
34318
1
34326
6
34326
6
34329
3
34329
4
34335
2
34343
1
34349
2
34351
8
34352
7
34354
5
34362
1
34371
5
34379
6
34381
2
34389
7
34398
5
34400
1
34404
4
34411
6
34415
6
34420
1
34423
2
34430
1
34436
1
34436
6
34437
7
34444
2
34450
5
34459
6
34465
6
34471
1
34472
2
34479
5
34487
5
34491
8
34495
5
34501
3
34505
5
34508
6
34516
5
34516
5
34520
2
34523
1
34531
5
34538
3
34546
2
34547
6
34549
3
34557
7
34559
8
34567
1
34576
2
34577
8
34577
4
34578
3
34583
8
34586
8
34593
4
34593
7
34598
2
34599
3
34608
4
34610
7
34614
3
34620
8
34627
4
34629
1
34629
1
34636
2
34639
4
34641
5
34648
4
34649
4
34658
8
34662
5
34663
3
34672
6
34680
3
34688
2
34689
4
34689
2
34693
1
34701
4
34707
1
34714
7
34720
6
34729
5
34735
2
34742
5
34750
1
34751
1
34760
6
34764
8
34772
6
34779
6
34779
4
34780
7
34788
8
34790
4
34790
2
34796
6
34796
6
34801
3
34805
6
34805
1
34805
5
34813
1
34815
5
34821
1
34830
8
34835
6
34839
1
34848
7
34856
1
34860
6
34866
1
34867
1
34872
3
34878
3
34887
1
34894
8
34900
1
34903
6
34912
6
34914
5
34917
2
34920
8
34922
7
34924
7
34927
2
34936
7
34936
4
34942
4
34949
3
34954
5
34963
1
34972
6
34975
3
34981
3
34987
1
34994
3
35000
6
35009
2
35016
3
35018
7
35025
2
35025
2
35030
3
35033
8
35033
2
35042
8
35048
8
35049
3
35051
7
35054
7
35063
5
35070
5
35076
4
35077
6
35083
7
35090
8
35095
2
35095
1
35097
6
35097
3
35101
6
35108
7
35109
1
35112
2
35116
1
35123
8
35130
2
35138
1
35138
7
35139
3
35139
5
35145
2
35151
7
35157
3
35162
8
35165
4
35173
4
35182
2
35183
4
35186
4
35189
6
35198
3
35202
2
35205
7
35210
2
35211
3
35214
7
35215
4
35224
7
35233
8
35235
6
35241
4
35248
3
35254
5
35261
1
35261
8
35269
2
35271
7
35279
3
35281
2
35283
8
35290
7
35291
2
35291
7
35293
3
35296
6
35297
3
35306
2
35312
5
35315
6
35324
8
35330
5
35338
4
35346
8
35353
7
35358
4
35360
2
35367
5
35374
1
35377
4
35381
2
35386
1
35394
1
35394
3
35403
3
35407
1
35415
6
35424
5
35432
5
35436
3
35440
5
35445
2
35445
4
35454
7
35455
5
35460
1
35467
4
35470
8
35470
1
35471
1
35480
7
35483
2
35488
7
35494
3
35494
7
35500
2
35507
8
35515
4
35524
5
35526
2
35533
8
35533
4
35537
3
35542
2
35549
3
35556
2
35564
5
35565
1
35566
2
35574
7
35579
5
35581
7
35582
5
35584
8
35593
3
35596
4
35601
5
35610
8
35617
2
35618
5
35626
4
35635
2
35642
8
35648
2
35651
1
35652
6
35652
6
35654
8
35654
4
35656
2
35662
3
35662
1
35662
5
35668
7
35674
4
35677
4
35678
8
35683
4
35684
3
35688
8
35694
5
35700
2
35701
7
35703
2
35709
5
35716
8
35718
3
35720
2
35726
5
35732
2
35733
6
35741
8
35742
2
35749
2
35752
8
35760
8
35763
1
35771
7
35773
7
35779
1
35785
2
35791
1
35791
8
35799
5
35801
1
35805
4
35807
2
35811
6
35816
4
35821
3
35822
5
35831
5
35838
4
35840
5
35844
2
35846
5
35853
3
35858
3
35867
3
35872
6
35881
7
35888
4
35893
4
35896
1
35897
4
35905
3
35913
4
35915
4
35917
1
35925
3
35925
6
35928
5
35931
1
35936
4
35943
2
35943
2
35948
1
35950
4
35950
2
35951
7
35956
4
35963
8
35970
5
35971
2
35976
8
35977
8
35977
3
35985
5
35987
3
35988
4
35989
3
35997
4
36005
5
36011
7
36017
5
36026
5
36026
8
36033
4
36040
1
36043
7
36049
6
36058
1
36060
4
36066
4
36070
1
36078
6
36084
8
36086
5
36091
3
36095
7
36101
5
36105
3
36109
5
36116
4
36125
7
36127
6
36136
1
36140
3
36148
2
36148
1
36156
1
36165
2
36174
2
36175
5
36182
6
36183
6
36187
1
36193
5
36201
1
36209
3
36209
1
36216
2
36221
6
36227
3
36232
2
36238
2
36243
8
36243
7
36249
2
36255
3
36260
4
36268
1
36271
3
36279
3
36283
1
36289
8
36292
6
36292
6
36298
7
36302
1
36311
5
36317
6
36326
6
36332
6
36337
1
36343
2
36352
4
36352
5
36361
8
36363
6
36366
1
36375
8
36378
4
36385
2
36389
5
36398
8
36407
2
36415
8
36417
1
36420
1
36426
8
36435
3
36442
5
36443
7
36447
6
36456
5
36461
3
36462
5
36468
6
36469
4
36477
7
36480
5
36480
1
36483
3
36491
7
36494
1
36501
1
36509
1
36510
7
36518
8
36524
2
36528
3
36528
2
36531
6
36533
8
36538
4
36542
3
36548
3
36552
5
36557
1
36564
2
36569
6
36577
2
36579
3
36587
4
36587
4
36595
5
36603
7
36604
5
36609
4
36609
1
36617
2
36621
3
36629
4
36633
6
36633
2
36642
4
36642
2
36650
6
36650
2
36651
3
36651
6
36657
5
36661
4
36668
5
36670
6
36678
7
36682
6
36690
6
36699
1
36704
8
36713
5
36719
6
36719
5
36722
3
36725
7
36730
6
36737
6
36742
6
36750
8
36755
7
36764
6
36771
6
36776
4
36783
6
36791
2
36800
3
36802
5
36810
6
36812
5
36818
1
36821
6
36828
4
36832
4
36835
8
36841
6
36849
2
36852
1
36857
8
36862
5
36863
5
36866
3
36866
3
36868
5
36877
6
36878
6
36879
5
36882
1
36886
2
36887
4
36891
2
36892
1
36897
1
36897
5
36901
7
36903
8
36906
6
36907
4
36913
6
36921
8
36923
5
36929
4
36934
8
36939
4
36941
6
36943
5
36944
7
36946
3
36952
6
36959
8
36964
7
36965
4
36966
2
36975
7
36981
5
36983
3
36992
6
36996
1
37002
8
37007
7
37013
1
37018
7
37025
8
37032
2
37040
2
37045
2
37053
2
37060
5
37060
7
37061
5
37064
6
37071
3
37078
1
37085
7
37087
6
37092
3
37100
3
37104
3
37104
1
37111
7
37111
2
37120
6
37127
1
37134
6
37140
4
37142
8
37142
5
37147
6
37150
4
37152
6
37154
5
37162
4
37166
3
37166
3
37167
5
37174
6
37182
7
37189
1
37196
4
37203
3
37206
1
37210
3
37212
3
37216
4
37219
4
37226
6
37230
2
37234
4
37241
7
37242
1
37246
8
37250
6
37253
1
37262
3
37267
2
37274
4
37282
5
37282
2
37283
5
37288
6
37292
8
37295
5
37298
3
37305
6
37313
1
37318
3
37320
8
37326
2
37331
1
37336
8
37342
8
37342
8
37349
2
37352
4
37355
4
37361
3
37367
7
37369
7
37373
8
37381
3
37389
1
37394
8
37402
2
37404
2
37412
2
37420
5
37424
7
37429
2
37434
2
37438
2
37446
4
37454
8
37460
4
37461
1
37463
1
37463
8
37463
7
37467
7
37473
5
37481
7
37486
6
37494
7
37503
5
37504
3
37508
8
37511
3
37518
7
37518
5
37523
2
37532
8
37532
6
37538
2
37543
8
37546
8
37553
6
37562
1
37567
5
37567
8
37576
8
37576
7
37576
4
37583
1
37583
5
37584
3
37591
3
37598
7
37601
5
37606
2
37607
2
37610
8
37615
8
37617
5
37623
2
37628
6
37630
8
37639
4
37645
6
37651
5
37658
3
37662
8
37662
2
37666
5
37666
5
37671
3
37674
5
37676
7
37678
1
37681
8
37685
2
37688
4
37693
3
37702
3
37706
4
37711
2
37719
7
37727
3
37734
5
37741
3
37744
6
37750
1
37750
3
37751
8
37760
3
37761
5
37764
3
37772
5
37772
6
37781
3
37781
5
37788
7
37790
1
37798
4
37801
1
37806
2
37815
7
37820
4
37826
4
37831
7
37838
1
37843
8
37848
1
37848
2
37849
1
37856
5
37864
6
37870
8
37878
5
37878
8
37885
8
37889
2
37891
3
37899
7
37902
5
37903
7
37907
2
37916
8
37921
6
37929
6
37930
7
37935
5
37937
2
37940
1
37942
7
37948
6
37948
1
37955
3
37961
8
37970
4
37975
7
37977
7
37978
6
37980
3
37989
2
37997
6
37998
7
38007
1
38016
2
38017
2
38020
3
38027
6
38036
1
38045
5
38046
4
38051
6
38056
7
38060
6
38065
3
38066
6
38067
6
38067
6
38067
3
38075
2
38078
6
38080
8
38083
3
38084
7
38091
7
38096
4
38103
4
38104
5
38113
8
38122
5
38126
3
38131
8
38133
8
38133
1
38141
5
38145
7
38154
4
38158
3
38158
8
38161
1
38166
4
38170
3
38175
7
38177
5
38178
6
38184
1
38184
7
38190
6
38192
1
38196
3
38203
7
38208
2
38210
2
38213
1
38221
8
38228
4
38233
2
38242
8
38243
7
38246
1
38249
5
38251
5
38258
1
38258
3
38262
4
38268
8
38270
7
38275
7
38280
4
38280
3
38282
7
38288
6
38297
2
38303
8
38305
8
38314
5
38321
5
38321
5
38321
5
38321
6
38325
3
38326
3
38334
1
38339
6
38340
8
38348
4
38350
6
38359
1
38360
8
38361
2
38369
1
38378
3
38380
2
38386
5
38386
6
38388
6
38394
4
38398
7
38405
5
38409
7
38412
7
38417
4
38417
5
38418
8
38420
2
38420
6
38426
1
38431
2
38431
8
38439
7
38448
3
38453
5
38462
5
38462
4
38471
2
38473
6
38476
5
38478
5
38487
6
38492
4
38496
6
38499
4
38502
5
38506
5
38508
5
38510
8
38514
4
38517
4
38523
7
38523
3
38526
3
38528
4
38530
2
38536
4
38542
4
38550
7
38551
6
38558
6
38560
4
38560
8
38562
7
38568
2
38576
6
38578
5
38579
1
38581
5
38581
2
38582
5
38589
4
38596
6
38605
7
38608
7
38613
6
38614
7
38623
5
38623
3
38625
3
38631
3
38639
1
38639
3
38645
8
38647
4
38656
3
38656
6
38661
4
38668
4
38670
2
38672
4
38676
8
38676
8
38676
1
38681
1
38681
5
38689
6
38692
2
38699
4
38704
5
38704
4
38706
6
38715
5
38716
7
38718
2
38723
8
38731
7
38731
6
38731
1
38738
2
38739
7
38745
7
38751
1
38757
8
38761
7
38770
5
38772
2
38776
7
38785
4
38792
5
38800
5
38807
7
38811
7
38811
4
38818
6
38825
5
38832
6
38839
7
38842
7
38845
1
38851
6
38859
8
38861
8
38866
8
38867
4
38870
8
38878
2
38886
3
38889
2
38896
7
38896
1
38905
1
38910
6
38919
8
38920
5
38926
7
38933
4
38936
8
38941
5
38947
5
38954
6
38958
2
38961
1
38970
3
38976
2
38979
5
38987
5
38996
5
39000
3
39005
4
39013
4
39014
6
39021
1
39027
7
39028
4
39030
5
39033
8
39034
8
39038
7
39039
5
39039
7
39043
8
39043
8
39045
3
39052
2
39060
2
39062
1
39066
1
39074
4
39075
2
39075
2
39078
5
39079
7
39086
6
39091
8
39093
5
39098
4
39101
7
39109
8
39117
1
39121
4
39130
3
39133
6
39141
4
39150
6
39158
6
39160
6
39168
6
39175
8
39183
3
39185
6
39191
1
39199
5
39203
3
39208
3
39211
8
39214
6
39214
5
39216
5
39224
7
39225
4
39228
7
39228
7
39231
2
39236
5
39240
8
39240
3
39249
2
39250
6
39259
6
39265
8
39265
8
39268
2
39274
6
39280
4
39281
7
39281
5
39283
4
39286
2
39294
3
39300
1
39303
5
39309
2
39318
8
39326
3
39330
8
39335
7
39342
7
39343
8
39345
5
39354
3
39358
7
39358
6
39367
7
39374
5
39375
6
39383
2
39383
3
39386
8
39390
7
39398
6
39400
2
39407
2
39415
6
39417
4
39419
7
39421
8
39423
1
39430
8
39434
8
39436
6
39437
7
39443
4
39446
2
39448
4
39455
1
39461
4
39461
1
39466
2
39466
6
39475
7
39478
1
39485
5
39493
1
39493
3
39495
4
39504
1
39507
3
39515
6
39520
6
39522
4
39531
4
39539
6
39547
1
39556
5
39559
8
39564
4
39572
1
39579
7
39584
3
39585
5
39587
2
39596
5
39603
5
39612
4
39620
1
39628
8
39635
4
39642
2
39651
3
39655
6
39662
6
39667
6
39669
2
39674
6
39679
5
39684
2
39693
6
39701
6
39701
1
39703
4
39712
2
39716
1
39717
5
39718
2
39721
6
39723
4
39731
6
39734
8
39743
3
39744
6
39752
8
39754
5
39763
8
39772
5
39778
3
39781
6
39781
5
39789
1
39790
8
39793
4
39795
3
39801
8
39809
8
39810
8
39815
2
39819
1
39825
5
39828
7
39832
7
39840
3
39846
7
39855
2
39862
8
39865
3
39867
3
39875
5
39882
4
39888
8
39894
6
39899
4
39899
6
39902
5
39909
2
39917
8
39922
6
39927
8
39933
5
39936
7
39945
8
39946
5
39950
4
39950
3
39956
2
39962
1
39971
5
39973
2
39978
8
39978
5
39984
1
39992
2
39998
6
40002
6
40010
3
40011
3
40015
8
40024
6
40028
8
40033
1
40040
2
40047
5
40052
1
40055
6
40056
8
40062
3
40065
3
40073
6
40081
1
40081
7
40086
4
40095
7
40102
6
40105
8
40108
8
40111
5
40114
1
40120
4
40122
1
40123
2
40126
6
40135
1
40138
7
40145
7
40145
6
40153
1
40162
5
40167
6
40171
5
40177
1
40180
2
40186
1
40186
4
40186
3
40191
4
40192
8
40197
8
40198
3
40206
4
40206
2
40208
3
40209
4
40212
7
40217
2
40221
6
40227
1
40227
6
40230
4
40230
8
40235
6
40242
7
40250
7
40257
4
40260
2
40261
3
40268
5
40272
2
40280
4
40283
2
40286
1
40292
5
40300
7
40304
4
40305
5
40312
6
40321
2
40330
6
40336
5
40343
2
40345
3
40352
5
40354
3
40361
5
40362
6
40371
5
40373
8
40378
2
40385
3
40387
8
40390
2
40397
2
40403
8
40407
7
40415
3
40423
8
40427
5
40435
1
40442
3
40451
1
40459
8
40465
5
40472
1
40479
4
40483
4
40486
8
40489
4
40495
1
40497
7
40505
8
40510
1
40516
5
40519
3
40524
8
40532
3
40540
3
40545
8
40545
4
40551
2
40554
4
40563
6
40564
6
40570
2
40575
4
40584
3
40590
3
40590
3
40594
6
40599
7
40601
4
40603
3
40604
6
40606
4
40613
5
40621
2
40626
8
40635
3
40639
6
40642
3
40649
2
40655
7
40660
1
40663
3
40672
7
40679
5
40686
3
40689
1
40689
5
40694
6
40694
5
40697
7
40700
7
40702
4
40706
8
40715
6
40722
7
40731
4
40733
8
40740
7
40747
2
40750
7
40758
7
40759
2
40768
2
40773
3
40777
6
40781
4
40787
4
40794
2
40796
5
40804
2
40804
5
40811
5
40819
6
40825
8
40828
4
40835
7
40842
6
40849
8
40851
4
40854
5
40863
8
40871
4
40875
7
40884
1
40892
2
40900
1
40908
6
40916
5
40917
1
40923
3
40930
4
40937
7
40942
1
40945
2
40952
1
40956
2
40960
7
40963
6
40966
2
40969
4
40976
1
40979
3
40982
6
40983
3
40985
5
40990
7
40993
8
41000
3
41006
2
41015
8
41017
5
41021
8
41026
4
41030
8
41033
6
41033
2
41039
3
41048
2
41054
5
41059
1
41064
6
41071
7
41076
3
41082
5
41082
5
41085
7
41087
7
41091
2
41100
3
41109
4
41111
3
41114
5
41118
3
41127
5
41133
5
41139
4
41144
4
41146
6
41153
8
41156
3
41160
2
41161
6
41162
1
41163
7
41166
2
41169
5
41170
8
41171
8
41171
6
41178
1
41185
6
41190
1
41196
3
41203
1
41210
8
41219
5
41226
7
41232
7
41233
5
41241
2
41243
4
41252
4
41260
1
41267
6
41273
8
41281
5
41290
2
41296
4
41303
1
41310
8
41315
4
41319
7
41321
7
41324
5
41324
3
41328
6
41334
1
41337
1
41339
5
41346
8
41348
6
41349
8
41353
6
41354
5
41355
3
41362
4
41368
6
41374
5
41375
2
41382
8
41391
2
41399
4
41400
8
41408
6
41408
1
41413
1
41415
7
41419
5
41424
8
41428
4
41431
6
41435
3
41438
7
41440
4
41441
1
41444
6
41447
4
41450
8
41457
3
41459
4
41461
6
41464
5
41468
7
41471
2
41477
6
41478
4
41482
7
41488
6
41493
2
41502
3
41504
7
41507
3
41511
3
41520
3
41528
2
41535
1
41537
4
41540
3
41543
4
41548
6
41550
6
41551
6
41559
2
41566
2
41570
1
41577
7
41584
2
41585
3
41594
3
41601
1
41605
1
41608
4
41617
7
41625
3
41629
8
41634
2
41637
7
41645
4
41646
3
41655
7
41656
7
41662
3
41670
8
41676
8
41678
4
41687
2
41687
4
41691
1
41695
4
41699
2
41700
4
41709
7
41718
6
41719
8
41719
8
41719
3
41724
4
41730
5
41739
5
41748
8
41751
7
41753
4
41759
1
41767
8
41771
7
41780
2
41784
8
41790
3
41794
8
41796
7
41799
5
41803
6
41805
8
41809
1
41813
2
41818
8
41821
4
41823
7
41828
1
41832
5
41839
1
41842
4
41849
1
41854
3
41860
5
41865
5
41868
5
41875
8
41883
2
41886
1
41895
6
41902
2
41910
8
41912
6
41917
5
41925
7
41934
6
41934
1
41935
1
41937
7
41942
1
41946
2
41955
5
41957
5
41958
7
41964
5
41971
4
41976
8
41983
6
41987
8
41994
3
41997
6
41998
4
42003
5
42004
3
42013
2
42018
6
42019
7
42020
7
42029
5
42034
6
42040
1
42047
8
42048
1
42050
3
42056
1
42061
7
42070
4
42078
1
42083
4
42089
3
42092
1
42092
1
42094
2
42102
8
42105
1
42109
5
42114
4
42117
1
42126
2
42134
5
42142
8
42142
2
42145
7
42151
4
42157
4
42163
1
42166
3
42166
2
42172
6
42175
2
42182
8
42191
8
42193
6
42200
1
42209
8
42215
6
42223
2
42232
3
42237
4
42238
2
42245
1
42251
6
42252
5
42260
2
42263
7
42265
3
42273
1
42279
4
42287
1
42292
7
42292
5
42300
3
42301
6
42301
4
42308
7
42313
5
42317
1
42321
6
42326
7
42326
4
42327
2
42335
8
42337
2
42339
8
42347
5
42351
7
42359
2
42364
5
42373
8
42380
7
42386
3
42391
8
42399
7
42407
8
42407
5
42409
7
42417
3
42421
6
42423
8
42427
1
42434
3
42441
3
42443
7
42443
4
42446
3
42455
2
42462
4
42463
4
42472
4
42475
2
42476
5
42479
8
42482
6
42487
4
42487
2
42495
4
42498
1
42507
4
42516
7
42525
3
42529
8
42531
3
42538
5
42539
8
42548
5
42552
4
42561
5
42564
4
42564
3
42569
4
42575
1
42584
4
42585
5
42586
1
42588
4
42591
7
42597
6
42598
6
42607
2
42615
6
42621
3
42627
5
42632
7
42637
1
42642
5
42644
4
42646
2
42649
6
42656
5
42657
8
42665
3
42674
1
42678
4
42681
2
42690
8
42694
7
42694
5
42694
6
42695
3
42703
7
42703
5
42707
1
42708
3
42712
8
42718
5
42719
5
42720
7
42721
8
42723
1
42729
6
42731
5
42732
8
42732
4
42733
1
42735
2
42743
8
42750
6
42751
6
42756
3
42762
5
42763
8
42769
8
42774
6
42782
8
42788
5
42795
2
42799
4
42807
1
42809
4
42816
3
42819
3
42824
3
42824
6
42824
7
42832
7
42834
7
42838
3
42839
2
42848
5
42851
5
42851
1
42852
1
42852
6
42853
7
42862
7
42869
6
42878
3
42881
4
42881
7
42882
7
42889
3
42898
1
42902
6
42906
5
42913
7
42916
1
42924
2
42927
3
42935
8
42944
6
42950
2
42952
8
42961
2
42966
8
42969
6
42975
5
42976
4
42985
1
42987
8
42987
2
42990
8
42995
4
42997
4
42999
2
43005
7
43005
2
43011
2
43015
4
43024
3
43033
4
43040
3
43041
1
43049
1
43050
2
43059
6
43062
2
43062
3
43067
4
43070
6
43075
5
43078
5
43079
1
43081
3
43090
3
43096
3
43103
7
43105
7
43109
2
43117
1
43119
4
43124
4
43133
7
43134
1
43134
3
43141
1
43142
3
43149
6
43151
2
43159
3
43165
6
43171
6
43175
2
43179
5
43187
5
43188
7
43193
4
43197
4
43204
7
43209
5
43218
5
43224
3
43230
8
43236
7
43242
1
43248
5
43250
6
43252
2
43254
2
43259
5
43267
1
43275
2
43277
2
43283
2
43289
5
43292
3
43300
7
43309
6
43317
8
43320
5
43327
5
43333
2
43341
2
43347
3
43353
4
43361
5
43370
3
43377
4
43381
2
43388
3
43389
3
43392
1
43396
6
43404
4
43412
6
43418
6
43427
8
43429
5
43433
4
43436
4
43441
3
43449
1
43453
7
43460
1
43469
1
43476
2
43480
3
43487
5
43494
5
43499
7
43502
5
43508
5
43513
2
43517
4
43525
4
43527
3
43535
8
43544
3
43544
2
43552
1
43558
1
43563
7
43571
8
43575
1
43578
8
43583
3
43587
7
43590
1
43597
1
43597
5
43600
3
43605
3
43609
1
43614
7
43621
8
43629
6
43630
1
43630
7
43636
4
43645
6
43648
2
43649
2
43658
6
43666
3
43670
2
43674
8
43681
4
43690
4
43690
7
43696
4
43704
2
43704
7
43706
6
43712
7
43718
6
43718
5
43727
2
43727
2
43730
7
43734
6
43737
5
43738
2
43738
6
43744
5
43745
1
43752
7
43753
2
43753
7
43759
4
43768
5
43768
3
43775
6
43777
3
43778
8
43782
6
43787
8
43792
2
43792
2
43792
2
43800
2
43807
8
43811
4
43813
1
43814
1
43816
6
43819
8
43822
3
43830
8
43838
8
43845
6
43853
3
43854
8
43860
7
43862
4
43867
3
43869
8
43870
6
43873
4
43880
4
43886
8
43889
8
43896
5
43899
1
43900
3
43905
6
43905
4
43912
7
43913
2
43915
5
43916
5
43920
2
43929
5
43929
2
43933
4
43940
4
43948
6
43956
6
43965
3
43968
8
43975
8
43979
8
43981
3
43982
6
43990
1
43990
8
43999
3
43999
2
43999
2
44004
4
44005
5
44009
3
44011
5
44014
2
44017
4
44022
4
44031
5
44032
5
44033
4
44038
5
44040
8
44045
4
44046
8
44052
5
44059
1
44062
1
44071
4
44072
6
44074
2
44078
5
44084
8
44087
5
44089
3
44098
4
44107
5
44108
6
44108
8
44113
3
44117
3
44117
2
44122
7
44122
5
44129
4
44135
2
44135
5
44142
3
44144
1
44150
4
44156
4
44165
4
44172
4
44179
2
44186
1
44189
7
44190
8
44192
1
44195
6
44201
6
44205
6
44210
5
44211
8
44219
3
44227
1
44232
3
44240
6
44248
6
44249
5
44252
6
44255
6
44256
1
44260
7
44264
6
44270
2
44270
4
44279
2
44281
2
44289
3
44294
1
44300
7
44309
2
44309
4
44311
2
44315
4
44317
1
44324
5
44333
2
44338
4
44346
6
44354
1
44361
7
44369
3
44373
7
44373
8
44382
8
44391
6
44398
1
44399
1
44400
3
44407
3
44409
5
44414
1
44423
5
44425
1
44430
7
44434
4
44437
6
44437
8
44444
5
44447
7
44456
5
44459
7
44466
5
44466
5
44471
1
44475
5
44483
3
44487
2
44492
8
44500
6
44508
6
44510
2
44513
4
44518
6
44524
8
44526
4
44526
1
44529
4
44536
6
44536
3
44538
1
44538
4
44544
2
44551
6
44555
8
44559
3
44560
7
44569
2
44578
2
44586
1
44590
6
44598
6
44606
4
44611
2
44619
8
44622
1
44622
2
44625
7
44630
5
44634
6
44634
2
44637
2
44643
8
44646
8
44655
4
44664
4
44666
8
44670
1
44676
2
44678
6
44681
3
44690
2
44693
3
44699
8
44700
8
44708
1
44715
1
44715
8
44721
3
44721
3
44723
7
44732
6
44737
6
44743
3
44746
4
44746
1
44749
8
44757
1
44763
2
44766
2
44767
5
44773
6
44781
4
44784
4
44793
3
44801
8
44805
2
44807
3
44815
6
44819
3
44821
2
44828
7
44831
3
44837
1
44841
7
44845
8
44850
1
44851
5
44854
5
44854
4
44859
6
44859
8
44866
3
44870
7
44871
1
44872
6
44880
4
44889
1
44898
8
44906
3
44912
4
44916
8
44923
2
44925
2
44925
4
44932
4
44933
8
44933
6
44940
5
44942
8
44946
5
44950
7
44952
4
44953
8
44961
4
44966
6
44971
6
44979
1
44981
2
44990
2
44995
7
44997
8
45001
2
45006
2
45013
5
45014
3
45023
4
45026
7
45027
8
45035
8
45035
6
45039
8
45042
1
45051
5
45059
4
45067
6
45076
6
45077
1
45083
7
45090
4
45093
6
45097
6
45101
6
45102
5
45108
5
45109
8
45117
7
45122
7
45127
4
45133
7
45139
1
45148
7
45155
6
45155
8
45158
7
45161
3
45170
6
45172
5
45177
1
45185
4
45192
1
45199
2
45208
7
45217
1
