1
8
1
4
10
3
11
7
20
2
29
4
35
8
42
2
51
4
53
7
62
7
71
5
75
5
83
3
83
8
92
5
101
1
110
4
112
6
119
7
126
2
135
5
142
6
150
5
150
8
153
7
155
1
156
6
165
6
170
1
170
7
171
4
178
7
178
6
186
8
186
3
192
8
194
5
197
3
204
6
209
7
210
2
217
4
217
5
218
6
219
3
219
3
220
4
222
7
229
5
238
5
241
5
244
1
244
7
244
3
249
2
252
4
252
3
253
3
258
3
265
6
269
4
277
1
281
1
283
7
290
5
292
6
296
6
305
1
314
4
317
7
323
2
328
1
333
8
334
3
339
4
341
5
347
2
354
7
363
2
366
6
366
8
375
5
377
8
382
1
389
2
396
5
402
1
411
8
414
5
421
1
427
7
427
2
435
1
435
7
436
5
439
4
441
1
449
7
452
5
460
8
466
8
468
3
470
1
473
6
475
8
482
1
490
4
498
3
502
3
504
4
510
5
512
1
514
2
515
3
521
3
525
6
530
4
538
2
542
3
542
3
547
4
551
3
556
2
558
5
565
5
571
4
577
7
582
8
591
7
592
7
601
8
609
1
613
7
613
1
620
4
628
7
634
5
642
4
644
3
653
5
661
1
668
5
673
1
674
1
674
7
677
4
685
1
691
3
694
5
701
2
709
1
713
7
716
4
719
2
721
1
723
1
730
2
739
6
745
7
751
4
752
5
755
4
764
3
766
4
768
2
776
1
783
8
784
3
788
7
796
2
803
7
809
6
814
4
819
7
820
3
827
3
835
8
838
5
840
1
843
5
850
6
859
4
861
6
863
4
866
2
871
2
875
4
876
7
883
1
888
5
888
5
895
4
897
6
903
7
911
4
916
8
924
7
926
7
935
2
937
3
942
1
949
7
951
1
955
4
964
4
965
5
973
5
981
1
983
1
988
5
991
3
994
5
1001
4
1003
4
1012
1
1013
4
1014
6
1020
2
1028
4
1034
4
1037
6
1043
8
1047
2
1056
5
1064
4
1064
5
1068
7
1077
1
1083
2
1088
3
1097
2
1103
7
1107
1
1116
3
1123
2
1132
2
1139
1
1146
6
1149
3
1151
1
1158
3
1164
6
1173
6
1175
5
1176
2
1182
3
1191
6
1191
6
1197
3
1204
2
1207
5
1208
3
1212
6
1214
3
1223
1
1232
6
1235
2
1237
7
1243
1
1251
3
1258
2
1266
1
1267
1
1273
7
1279
2
1286
3
1295
7
1303
4
1307
2
1316
6
1319
5
1322
6
1325
8
1331
3
1340
1
1346
3
1353
8
1355
6
1362
2
1363
5
1364
5
1367
7
1370
5
1379
5
1380
3
1387
7
1388
1
1389
5
1398
3
1406
8
1412
7
1417
5
1418
4
1422
1
1426
2
1434
5
1438
4
1440
8
1446
4
1450
6
1457
5
1457
3
1462
8
1468
8
1471
4
1471
3
1479
5
1486
4
1489
8
1491
1
1492
5
1492
5
1496
6
1501
2
1508
3
1511
8
1516
4
1518
5
1522
5
1530
6
1535
8
1542
3
1550
3
1556
8
1558
3
1565
6
1567
5
1575
6
1576
7
1576
2
1578
2
1583
8
1588
1
1591
4
1594
3
1594
6
1602
8
1608
7
1613
5
1614
2
1622
3
1626
1
1634
5
1641
6
1648
2
1653
4
1654
1
1660
8
1667
2
1668
2
1671
6
1672
3
1680
6
1687
5
1696
6
1705
5
1707
1
1716
3
1719
3
1725
7
1732
2
1741
5
1746
5
1748
7
1757
2
1763
4
1768
1
1768
8
1769
8
1775
2
1779
3
1787
6
1793
8
1795
5
1804
4
1804
3
1813
8
1813
6
1821
5
1828
6
1834
5
1840
3
1841
5
1841
2
1848
8
1848
1
1855
8
1863
4
1867
2
1871
5
1878
8
1887
2
1889
2
1898
1
1902
1
1911
5
1920
7
1926
7
1933
8
1933
6
1933
8
1933
5
1937
5
1938
3
1944
7
1949
8
1953
6
1958
4
1965
4
1973
8
1973
6
1974
1
1974
5
1980
7
1989
4
1989
1
1997
8
2001
4
2006
7
2014
7
2023
1
2029
7
2035
8
2042
7
2050
4
2055
3
2060
5
2067
5
2075
7
2075
7
2076
6
2078
8
2081
6
2089
3
2095
5
2101
1
2102
8
2102
7
2106
5
2107
8
2113
6
2114
5
2114
7
2119
2
2122
8
2128
8
2137
8
2143
3
2143
7
2146
1
2147
1
2151
4
2151
8
2159
3
2160
4
2163
2
2166
5
2173
2
2175
8
2176
2
2185
7
2192
3
2198
7
2205
7
2211
1
2218
8
2226
3
2228
1
2237
5
2240
5
2248
5
2256
7
2256
3
2259
6
2261
7
2268
1
2273
4
2274
7
2277
6
2279
3
2285
5
2294
4
2301
2
2305
5
2314
5
2321
5
2323
4
2327
7
2333
5
2335
2
2337
4
2341
7
2348
6
2351
8
2353
5
2361
2
2365
2
2368
8
2376
4
2382
5
2389
8
2396
5
2402
1
2408
1
2412
3
2415
8
2418
2
2425
5
2430
6
2433
6
2441
8
2443
8
2446
3
2455
1
2460
7
2460
7
2460
4
2461
6
2469
2
2478
5
2483
8
2486
3
2491
6
2498
1
2498
3
2502
5
2502
4
2509
4
2510
2
2513
1
2515
8
2517
8
2519
3
2526
2
2531
3
2539
6
2541
4
2541
1
2541
1
2546
4
2550
8
2554
7
2563
2
2565
3
2569
1
2569
2
2569
1
2576
8
2584
1
2586
8
2594
1
2597
4
2602
8
2611
4
2611
4
2614
6
2615
2
2624
5
2630
6
2639
1
2641
8
2646
3
2652
1
2653
1
2654
7
2659
6
2668
7
2674
8
2678
6
2684
8
2691
7
2700
6
2701
1
2703
5
2708
2
2708
7
2712
6
2714
4
2716
5
2725
4
2729
7
2731
5
2740
2
2749
3
2754
4
2763
8
2769
3
2772
8
2778
4
2779
3
2786
5
2789
7
2792
7
2792
7
2794
4
2802
3
2810
3
2817
1
2818
8
2826
1
2826
5
2829
8
2831
5
2832
6
2836
3
2844
1
2845
4
2847
5
2851
3
2851
5
2860
5
2868
4
2874
4
2880
3
2885
1
2885
5
2891
8
2898
6
2904
5
2905
2
2913
7
2919
6
2919
5
2922
4
2930
4
2934
7
2939
5
2940
3
2949
6
2955
7
2956
2
2963
2
2964
7
2968
3
2977
2
2977
7
2986
7
2993
4
2997
2
3003
3
3011
5
3015
6
3024
7
3030
6
3031
2
3039
6
3046
5
3053
2
3057
6
3059
1
3061
5
3062
6
3062
8
3071
7
3080
2
3083
7
3086
1
3095
1
3098
4
3098
6
3101
1
3101
7
3104
7
3111
8
3119
4
3120
3
3127
6
3128
4
3135
2
3140
5
3140
7
3148
1
3150
5
3150
7
3153
5
3157
7
3164
6
3167
5
3168
5
3168
3
3174
5
3182
3
3188
1
3194
4
3198
3
3198
6
3204
4
3206
3
3210
4
3215
5
3221
6
3221
3
3225
2
3229
2
3232
8
3239
2
3239
6
3240
2
3247
8
3247
7
3248
3
3253
6
3262
7
3270
1
3272
8
3275
7
3283
7
3283
5
3288
3
3292
8
3298
6
3307
3
3314
3
3316
6
3319
4
3323
5
3326
1
3332
5
3335
4
3342
3
3347
3
3351
4
3358
2
3359
4
3368
5
3377
2
3380
2
3388
1
3394
8
3400
1
3404
3
3410
3
3416
5
3417
6
3426
1
3426
2
3434
7
3441
3
3445
5
3445
2
3447
4
3452
6
3459
4
3468
1
3477
5
3483
4
3485
7
3486
8
3486
2
3494
1
3497
8
3500
1
3508
4
3508
5
3512
1
3518
2
3526
5
3533
2
3542
6
3544
4
3553
1
3553
4
3556
3
3565
5
3565
8
3565
3
3568
2
3574
6
3577
4
3579
4
3584
1
3590
4
3592
6
3594
5
3599
2
3608
4
3615
8
3622
4
3624
2
3626
5
3632
3
3634
6
3641
4
3649
3
3651
8
3651
8
3658
4
3663
6
3669
5
3671
6
3673
6
3673
2
3680
6
3681
4
3681
4
3682
3
3683
3
3691
6
3700
5
3708
2
3711
7
3717
6
3725
5
3733
1
3735
8
3742
5
3743
2
3748
8
3752
3
3756
5
3765
6
3766
1
3770
1
3777
8
3783
5
3790
8
3793
6
3798
3
3804
6
3804
8
3806
7
3813
2
3822
5
3823
8
3823
2
3828
8
3836
7
3837
7
3839
2
3843
7
3850
4
3859
5
3867
6
3871
3
3879
4
3888
4
3892
3
3901
4
3906
1
3911
5
3919
7
3920
3
3921
5
3923
1
3926
3
3926
7
3931
3
3931
7
3936
2
3938
8
3945
4
3951
8
3952
8
3961
2
3966
8
3971
6
3978
3
3984
4
3991
5
3998
7
4006
8
4006
3
4009
2
4009
4
4015
2
4024
5
4027
3
4027
3
4035
6
4041
2
4044
1
4048
8
4048
5
4049
4
4050
6
4050
4
4056
4
4063
3
4070
5
4079
2
4088
2
4096
3
4101
3
4110
1
4116
2
4117
2
4124
2
4133
8
4141
4
4144
5
4146
4
4153
3
4154
1
4161
8
4167
1
4175
6
4183
2
4183
2
4188
5
4191
5
4198
4
4202
8
4203
8
4211
6
4219
3
4222
4
4228
7
4228
5
4235
3
4240
2
4249
4
4249
8
4257
3
4264
4
4272
3
4272
8
4276
3
4279
7
4283
3
4288
6
4289
1
4293
3
4295
1
4300
2
4304
7
4310
2
4312
3
4314
2
4318
8
4321
7
4323
4
4328
7
4330
2
4334
4
4336
4
4340
6
4346
6
4352
5
4352
7
4354
2
4359
3
4366
7
4367
8
4370
6
4374
2
4375
7
4383
1
4386
6
4395
8
4400
8
4403
2
4408
4
4414
3
4423
8
4425
5
4428
6
4430
2
4436
5
4440
8
4442
1
4442
7
4445
6
4450
7
4453
7
4455
6
4458
4
4466
2
4470
2
4475
6
4478
1
4481
5
4488
4
4490
4
4491
2
4500
1
4504
4
4506
3
4515
5
4515
8
4517
8
4524
1
4533
7
4535
6
4544
1
4544
3
4551
1
4559
8
4561
2
4562
2
4570
6
4571
5
4571
7
4573
4
4581
4
4583
1
4585
4
4586
1
4593
4
4593
4
4593
1
4596
5
4600
3
4608
4
4613
7
4614
3
4619
3
4621
7
4626
7
4626
3
4633
7
4633
6
4636
5
4641
6
4643
6
4648
5
4649
8
4649
4
4655
6
4658
1
4663
1
4667
1
4673
8
4675
6
4682
3
4684
7
4687
5
4692
8
4696
1
4704
7
4711
6
4713
2
4718
1
4726
1
4726
6
4735
4
4738
5
4738
8
4745
5
4752
2
4756
8
4760
3
4763
1
4764
6
4767
6
4774
4
4782
3
4787
1
4787
8
4789
8
4790
7
4791
6
4796
8
4799
3
4803
4
4808
5
4814
5
4815
2
4816
1
4819
3
4827
7
4836
5
4844
5
4850
5
4853
3
4858
2
4863
7
4867
4
4872
6
4874
6
4876
8
4876
5
4879
8
4887
2
4896
1
4897
6
4898
1
4903
3
4911
6
4920
6
4923
1
4931
1
4936
6
4937
4
4944
8
4949
8
4955
6
4956
2
4960
4
4964
5
4966
6
4967
2
4976
6
4979
3
4987
5
4992
6
4998
6
5004
8
5012
4
5020
7
5022
2
5026
6
5035
7
5042
4
5042
4
5042
5
5050
6
5056
8
5060
4
5063
2
5067
7
5068
2
5070
5
5071
6
5071
3
5071
2
5074
1
5080
3
5089
6
5096
4
5104
5
5108
5
5117
8
5118
6
5127
1
5127
4
5127
6
5136
7
5136
3
5139
6
5144
2
5149
5
5155
6
5155
4
5162
1
5170
8
5178
2
5186
2
5187
2
5194
5
5201
8
5210
7
5216
2
5216
1
5225
2
5226
6
5235
5
5243
6
5246
4
5253
7
5254
4
5263
2
5270
8
5270
4
5279
2
5286
4
5290
8
5298
3
5306
6
5315
3
5324
2
5332
5
5338
1
5338
5
5346
3
5354
8
5358
4
5360
6
5364
8
5365
4
5367
8
5372
7
5376
1
5377
2
5386
2
5395
5
5402
7
5410
6
5411
2
5419
6
5420
7
5422
8
5427
6
5429
3
5431
6
5436
1
5444
6
5450
4
5450
6
5459
6
5462
6
5471
5
5471
6
5472
6
5479
8
5488
8
5491
2
5496
1
5498
1
5499
1
5505
6
5511
8
5514
2
5515
2
5520
1
5526
6
5530
3
5535
5
5536
5
5536
6
5536
6
5541
3
5548
4
5557
7
5565
2
5572
7
5574
8
5578
6
5586
5
5588
1
5588
1
5596
8
5597
5
5601
1
5609
7
5611
1
5616
1
5619
2
5623
2
5623
5
5628
6
5629
2
5634
7
5634
2
5635
7
5639
3
5647
1
5651
1
5657
1
5662
4
5662
6
5664
1
5668
6
5668
8
5677
1
5684
1
5686
7
5686
3
5688
5
5697
6
5703
1
5711
3
5717
6
5717
6
5717
7
5724
3
5729
2
5737
1
5740
8
5743
1
5743
8
5744
6
5744
3
5745
5
5749
7
5757
7
5766
5
5773
4
5781
1
5784
3
5792
5
5800
2
5807
4
5809
8
5811
6
5819
3
5823
1
5824
3
5829
4
5829
8
5838
4
5843
4
5843
5
5847
7
5850
8
5857
4
5861
1
5866
3
5875
7
5878
5
5887
6
5896
2
5896
4
5899
4
5904
2
5913
3
5914
3
5917
4
5922
2
5922
3
5929
3
5934
3
5935
5
5944
2
5945
6
5952
2
5952
5
5956
5
5964
7
5966
4
5969
7
5973
5
5976
2
5978
7
5981
3
5986
7
5986
5
5992
6
5999
8
6006
8
6009
6
6013
3
6020
4
6024
5
6028
6
6037
8
6045
8
6049
3
6056
7
6058
8
6064
6
6065
2
6070
2
6074
8
6076
2
6080
4
6083
2
6084
1
6087
8
6092
8
6098
8
6098
6
6105
5
6112
5
6112
3
6117
6
6123
1
6130
5
6130
4
6139
7
6147
7
6152
4
6157
6
6165
5
6172
8
6175
2
6183
8
6190
2
6194
5
6196
7
6205
8
6211
4
6217
2
6222
5
6227
2
6229
3
6238
6
6247
5
6247
5
6255
5
6257
8
6266
4
6268
1
6269
2
6270
4
6272
8
6278
7
6287
7
6291
7
6300
8
6302
3
6302
6
6305
3
6313
1
6317
7
6317
4
6322
7
6328
7
6335
4
6343
8
6349
3
6354
8
6361
4
6362
2
6368
1
6377
4
6381
5
6383
1
6384
8
6391
4
6396
8
6403
4
6410
1
6411
6
6417
8
6425
8
6427
7
6430
8
6437
3
6441
5
6447
8
6455
8
6457
1
6461
5
6470
6
6479
8
6482
1
6489
3
6489
4
6494
7
6500
3
6502
4
6503
7
6504
1
6506
4
6512
5
6514
6
6515
2
6520
5
6521
5
6529
4
6533
4
6541
2
6548
8
6551
5
6556
8
6559
4
6561
2
6562
7
6567
2
6574
5
6576
7
6585
5
6587
4
6588
4
6595
7
6598
3
6600
3
6602
4
6608
6
6614
4
6620
1
6621
8
6627
2
6627
7
6630
5
6635
6
6640
8
6649
7
6649
4
6655
8
6656
1
6663
8
6668
3
6673
7
6675
8
6675
4
6680
7
6681
3
6684
3
6690
3
6690
8
6696
2
6700
1
6707
6
6711
3
6714
2
6723
5
6732
5
6736
2
6739
1
6739
7
6747
8
6755
2
6760
6
6761
4
6763
6
6764
4
6770
3
6770
5
6770
8
6777
4
6780
5
6781
7
6790
6
6796
1
6800
7
6803
2
6809
1
6818
1
6825
2
6832
5
6832
2
6840
6
6840
7
6845
5
6845
7
6852
4
6860
1
6866
6
6875
6
6880
3
6886
1
6890
7
6896
8
6902
6
6904
7
6912
3
6912
5
6916
6
6916
7
6924
7
6933
5
6934
8
6936
8
6944
2
6951
6
6956
6
6961
6
6962
2
6971
4
6971
1
6973
2
6973
5
6979
2
6985
1
6994
3
7003
2
7010
5
7019
5
7019
2
7024
2
7026
8
7035
4
7035
8
7039
8
7039
3
7047
6
7051
6
7053
6
7056
2
7062
2
7064
2
7066
2
7075
7
7083
6
7090
4
7099
1
7105
4
7106
8
7113
7
7118
6
7119
4
7126
4
7133
6
7142
2
7145
8
7151
2
7158
1
7158
6
7165
8
7167
7
7167
7
7167
6
7170
7
7174
4
7180
2
7189
3
7190
8
7198
6
7205
8
7213
7
7213
7
7216
2
7224
4
7227
4
7234
5
7243
4
7243
7
7250
1
7258
5
7267
7
7270
5
7276
5
7278
3
7283
8
7287
3
7292
2
7294
1
7294
1
7295
6
7299
6
7299
1
7302
2
7307
8
7307
3
7312
7
7314
8
7322
3
7326
5
7328
5
7335
2
7343
8
7351
6
7354
1
7362
6
7366
5
7374
3
7383
7
7387
4
7388
1
7391
4
7396
5
7405
6
7407
1
7414
3
7423
5
7427
3
7435
7
7443
4
7443
3
7443
6
7450
6
7450
8
7456
5
7459
4
7466
1
7473
4
7481
8
7488
8
7495
8
7500
8
7501
5
7507
4
7511
3
7511
1
7512
3
7517
4
7519
5
7522
2
7522
6
7527
4
7532
2
7540
5
7548
2
7555
2
7564
3
7565
7
7566
3
7573
4
7574
4
7574
2
7577
4
7577
6
7581
2
7582
5
7582
2
7590
5
7591
8
7591
3
7591
8
7598
4
7598
7
7599
8
7605
3
7611
5
7613
3
7622
7
7626
3
7627
2
7633
7
7636
4
7638
2
7642
2
7649
6
7653
8
7658
8
7666
2
7667
5
7676
5
7679
8
7685
7
7691
4
7691
6
7697
4
7704
4
7705
8
7705
5
7706
5
7708
6
7708
6
7711
6
7715
1
7716
4
7718
3
7720
1
7725
1
7729
8
7731
5
7733
3
7738
3
7738
7
7744
6
7753
2
7754
7
7761
1
7768
5
7776
7
7778
4
7787
4
7793
4
7794
2
7800
4
7802
6
7809
4
7813
7
7814
2
7823
1
7828
6
7836
6
7840
4
7841
8
7848
2
7850
1
7851
8
7853
4
7861
8
7862
5
7864
3
7869
7
7877
4
7878
7
7884
8
7892
6
7895
3
7898
7
7898
5
7904
4
7913
5
7921
3
7930
5
7932
3
7939
3
7941
8
7947
7
7955
6
7961
2
7963
5
7967
8
7975
4
7976
7
7982
7
7990
3
7993
2
8001
7
8004
5
8006
7
8010
3
8018
5
8026
5
8035
2
8041
3
8047
4
8054
1
8054
1
8059
7
8064
8
8071
1
8079
4
8082
3
8085
7
8089
3
8098
3
8104
2
8112
3
8113
3
8117
4
8122
5
8127
5
8130
2
8136
8
8142
3
8149
8
8153
5
8156
5
8158
4
8160
5
8162
7
8162
6
8162
3
8162
4
8168
6
8176
4
8177
3
8186
7
8189
3
8195
5
8195
2
8196
1
8197
6
8199
7
8207
7
8211
6
8211
4
8216
1
8223
7
8229
4
8231
3
8235
8
8241
6
8250
8
8257
5
8265
5
8269
3
8271
5
8273
5
8281
4
8283
4
8287
8
8295
5
8297
2
8299
8
8306
7
8313
4
8315
4
8321
6
8326
3
8334
5
8340
8
8345
3
8350
7
8353
1
8357
3
8361
7
8361
6
8368
1
8369
6
8375
2
8383
5
8388
4
8393
7
8402
5
8410
6
8413
2
8414
6
8417
7
8425
8
8428
5
8437
3
8444
4
8449
7
8453
3
8458
4
8460
5
8468
1
8477
8
8478
5
8484
3
8491
7
8499
3
8500
2
8508
5
8513
5
8522
8
8523
2
8528
2
8531
7
8534
7
8537
5
8541
7
8541
7
8543
5
8546
2
8554
2
8556
2
8558
5
8562
7
8566
5
8572
4
8581
6
8589
3
8590
8
8599
5
8608
5
8608
6
8608
8
8616
5
8617
3
8623
7
8623
3
8628
3
8633
1
8641
7
8641
6
8644
2
8651
5
8655
2
8663
5
8664
7
8670
8
8679
7
8683
1
8692
5
8696
7
8702
5
8704
5
8704
5
8710
7
8719
3
8724
4
8729
3
8736
1
8736
8
8744
3
8744
7
8753
3
8761
1
8767
1
8776
3
8777
2
8784
7
8785
7
8792
3
8795
2
8803
5
8808
1
8811
3
8814
1
8818
2
8823
2
8831
4
8837
5
8839
2
8848
2
8857
6
8860
8
8861
8
8865
8
8868
5
8875
7
8875
2
8876
2
8877
5
8877
6
8882
5
8890
5
8894
7
8894
8
8903
3
8907
5
8915
5
8922
2
8931
6
8931
3
8940
1
8948
1
8954
5
8960
1
8965
6
8965
1
8974
6
8981
3
8982
5
8986
1
8992
1
9001
3
9005
3
9006
1
9014
4
9020
7
9027
5
9031
2
9033
1
9034
2
9035
6
9040
4
9049
2
9055
8
9062
3
9062
3
9063
8
9066
8
9069
7
9069
5
9075
2
9076
4
9082
5
9083
6
9083
2
9084
7
9091
1
9096
3
9105
3
9107
2
9114
5
9116
6
9125
5
9132
6
9136
7
9142
6
9145
1
9148
3
9149
7
9152
4
9158
1
9162
1
9167
2
9174
8
9183
7
9186
4
9194
8
9194
1
9202
3
9207
1
9216
8
9222
2
9226
7
9227
5
9235
6
9240
3
9242
5
9245
2
9245
2
9252
3
9261
5
9263
6
9267
1
9276
3
9280
5
9288
7
9294
7
9296
7
9298
4
9299
8
9305
8
9313
5
9314
5
9314
3
9318
8
9319
5
9324
7
9333
3
9335
8
9341
1
9344
5
9350
8
9356
5
9359
1
9362
5
9363
2
9371
7
9379
6
9387
7
9396
4
9400
7
9400
3
9402
3
9405
8
9408
7
9411
3
9420
4
9425
5
9428
5
9429
3
9436
2
9441
5
9449
1
9456
8
9465
1
9465
3
9469
7
9472
2
9478
2
9484
3
9493
6
9495
7
9496
4
9499
1
9503
3
9505
8
9511
6
9512
6
9518
1
9520
3
9520
4
9528
6
9532
4
9534
4
9541
7
9546
1
9552
6
9560
6
9566
4
9567
8
9568
4
9568
8
9574
7
9574
5
9583
7
9590
5
9598
4
9606
4
9610
4
9613
5
9620
5
9624
2
9625
1
9627
8
9636
7
9637
5
9646
7
9654
5
9663
8
9663
2
9669
1
9677
1
9686
4
9686
5
9686
5
9695
4
9696
3
9701
6
9701
8
9704
1
9708
8
9714
8
9720
1
9725
4
9729
3
9738
3
9744
4
9744
1
9748
3
9754
8
9757
5
9765
8
9772
2
9774
1
9779
2
9784
5
9790
3
9791
6
9793
1
9798
4
9803
1
9810
2
9818
5
9823
5
9827
7
9830
7
9830
4
9836
5
9836
2
9836
2
9842
4
9845
4
9853
1
9853
8
9861
2
9861
5
9868
6
9874
1
9881
2
9881
7
9886
1
9895
6
9899
4
9901
6
9908
6
9916
5
9917
8
9923
2
9927
2
9932
1
9934
5
9943
2
9945
2
9949
2
9957
7
9964
1
9971
5
9971
4
9971
2
9972
5
9980
7
9980
1
9980
6
9983
5
9983
2
9983
4
9992
3
9999
7
10003
6
10007
8
10014
6
10014
4
10018
1
10019
8
10019
6
10025
4
10028
7
10034
6
10042
2
10047
8
10049
7
10053
5
10054
2
10058
5
10065
6
10072
1
10072
6
10075
4
10077
2
10078
7
10081
2
10087
1
10092
7
10097
7
10099
5
10104
3
10113
1
10113
1
10115
4
10121
5
10129
2
10133
6
10135
7
10144
1
10151
7
10152
1
10156
4
10156
8
10160
7
10161
5
10164
6
10164
8
10166
8
10171
5
10180
8
10183
3
10191
8
10196
7
10201
4
10203
3
10212
6
10218
5
10223
5
10226
3
10226
7
10226
8
10231
6
10239
8
10248
5
10253
5
10260
2
10263
4
10266
7
10268
7
10275
3
10283
6
10285
6
10286
2
10292
6
10298
6
10300
8
10309
8
10317
1
10317
7
10324
1
10326
8
10330
2
10330
1
10336
5
10345
5
10351
7
10354
2
10358
1
10367
6
10374
8
10376
5
10385
8
10393
4
10401
7
10408
4
10414
1
10419
3
10420
2
10429
7
10433
3
10433
1
10440
6
10440
3
10447
3
10448
8
10449
1
10456
8
10464
5
10473
3
10482
8
10491
7
10499
7
10503
4
10508
6
10516
1
10522
7
10527
2
10529
2
10538
7
10546
7
10549
4
10557
8
10560
8
10564
8
10569
7
10578
1
10581
2
10583
2
10592
1
10601
5
10608
4
10616
7
10624
5
10630
5
10637
7
10642
5
10646
3
10648
8
10653
7
10660
8
10669
7
10673
5
10677
6
10677
5
10684
2
10687
6
10691
5
10694
1
10694
7
10694
5
10695
7
10698
3
10699
1
10700
4
10700
8
10701
5
10704
8
10709
4
10711
6
10713
3
10720
6
10724
2
10733
2
10733
2
10735
1
10736
1
10745
8
10753
2
10761
5
10763
6
10764
6
10767
6
10774
3
10776
1
10785
2
10793
5
10797
5
10800
7
10807
4
10808
8
10812
6
10812
4
10813
5
10821
5
10829
1
10832
3
10838
8
10845
5
10850
4
10855
1
10857
6
10866
1
10875
4
10877
2
10877
5
10881
7
10886
6
10889
5
10896
4
10902
5
10906
7
10912
8
10917
3
10925
5
10934
8
10942
2
10947
6
10956
2
10958
7
10960
1
10967
1
10976
7
10983
8
10984
4
10991
8
10998
2
11000
4
11000
2
11002
3
11010
6
11014
1
11015
5
11018
2
11021
5
11030
7
11032
5
11035
5
11039
1
11040
3
11044
1
11047
4
11047
5
11052
1
11053
8
11059
7
11067
1
11071
3
11074
8
11083
2
11083
2
11091
8
11098
7
11103
5
11106
3
11113
8
11115
4
11116
7
11123
6
11127
3
11129
2
11131
4
11136
5
11137
4
11145
3
11146
5
11149
5
11152
1
11153
7
11161
2
11167
7
11171
4
11172
4
11179
2
11186
7
11195
5
11201
3
11205
1
11211
1
11216
5
11225
4
11227
1
11236
6
11236
7
11237
8
11237
7
11244
1
11249
2
11249
7
11254
4
11261
6
11262
2
11267
6
11276
6
11285
5
11286
7
11294
7
11302
3
11308
1
11317
6
11319
8
11324
4
11327
7
11331
5
11334
7
11339
5
11345
6
11354
8
11361
4
11364
3
11364
8
11372
5
11376
1
11378
2
11383
4
11383
3
11385
8
11389
8
11398
6
11406
4
11409
6
11416
1
11419
6
11425
4
11426
4
11431
5
11439
6
11440
5
11448
8
11453
4
11454
4
11462
8
11469
4
11476
6
11478
1
11482
8
11491
2
11496
4
11503
1
11508
8
11511
5
11519
7
11526
5
11532
4
11536
6
11545
3
11551
4
11554
1
11558
3
11566
1
11575
8
11579
4
11587
3
11595
6
11600
4
11605
3
11607
5
11613
6
11616
8
11623
4
11630
1
11635
6
11635
5
11636
8
11638
1
11640
4
11641
4
11648
2
11648
7
11649
5
11649
3
11656
1
11662
8
11665
8
11669
4
11674
7
11674
5
11680
6
11681
5
11683
5
11691
2
11696
1
11702
2
11711
5
11717
1
11724
3
11733
8
11741
6
11742
5
11749
3
11750
5
11752
8
11754
4
11754
1
11762
3
11769
2
11777
6
11782
1
11785
8
11786
8
11794
5
11803
7
11805
4
11808
2
11816
8
11817
4
11824
6
11829
7
11832
4
11832
2
11836
4
11841
6
11845
7
11845
4
11854
7
11856
2
11865
7
11865
6
11870
8
11875
4
11878
5
11880
1
11886
8
11889
3
11898
2
11905
3
11910
8
11915
7
11920
1
11926
5
11932
2
11936
4
11939
1
11939
1
11942
4
11951
8
11953
2
11955
7
11956
7
11961
1
11970
8
11974
6
11978
8
11978
5
11980
7
11986
3
11993
6
11994
5
11994
8
12000
4
12008
3
12016
5
12016
7
12024
7
12032
4
12037
8
12039
4
12047
6
12051
6
12051
3
12057
2
12058
7
12067
4
12074
6
12077
8
12077
1
12079
2
12083
5
12089
6
12089
4
12098
3
12104
7
12112
1
12121
4
12127
5
12136
5
12143
7
12148
5
12149
4
12151
8
12151
1
12155
6
12160
8
12169
6
12177
3
12185
2
12188
8
12193
8
12194
6
12202
4
12208
1
12211
5
12219
7
12219
5
12228
8
12235
1
12239
6
12246
6
12253
1
12254
1
12258
5
12260
6
12264
3
12264
4
12270
5
12272
5
12281
6
12281
8
12282
2
12290
3
12298
4
12305
1
12312
7
12313
2
12313
4
12314
7
12320
7
12329
5
12338
2
12342
1
12348
8
12355
8
12358
4
12366
3
12369
3
12374
7
12381
4
12388
5
12388
1
12396
5
12400
3
12400
1
12408
4
12417
5
12425
6
12432
1
12441
2
12445
5
12447
1
12452
3
12461
1
12464
2
12467
4
12470
6
12479
1
12487
6
12493
7
12499
4
12499
1
12506
1
12506
1
12510
6
12518
8
12520
7
12525
1
12531
5
12540
8
12545
3
12551
7
12552
2
12556
6
12557
1
12557
8
12559
8
12562
7
12570
6
12578
6
12586
7
12588
3
12591
5
12592
2
12594
8
12601
4
12604
4
12609
5
12612
8
12615
5
12624
6
12632
1
12637
1
12646
2
12646
2
12653
6
12655
7
12663
2
12663
1
12664
7
12670
1
12673
1
12674
6
12681
6
12685
5
12692
7
12693
6
12694
4
12701
2
12703
7
12703
5
12712
2
12713
6
12722
1
12730
6
12733
3
12739
4
12744
2
12752
8
12759
3
12763
3
12769
7
12771
5
12773
7
12782
8
12788
1
12789
6
12791
1
12794
4
12797
2
12805
7
12809
5
12812
1
12818
5
12820
6
12824
1
12825
1
12831
6
12838
4
12842
6
12847
2
12849
8
12856
7
12856
5
12859
5
12859
1
12866
1
12871
3
12871
6
12877
4
12877
3
12883
7
12892
2
12894
4
12900
6
12909
1
12910
3
12918
2
12925
2
12932
8
12938
3
12947
8
12954
3
12957
8
12961
5
12966
6
12971
1
12975
8
12982
4
12985
8
12987
7
12987
7
12994
3
12998
6
13000
5
13002
3
13010
6
13011
6
13020
1
13028
8
13037
5
13043
1
13044
6
13050
7
13052
3
13053
3
13058
5
13059
4
13068
2
13071
7
13074
4
13076
6
13084
5
13084
4
13092
1
13098
7
13102
1
13105
8
13111
6
13119
3
13124
3
13126
7
13134
4
13141
8
13145
4
13145
7
13154
7
13159
4
13159
3
13163
3
13163
4
13172
6
13181
2
13189
7
13197
6
13206
4
13214
4
13214
6
13215
7
13218
5
13218
5
13221
3
13226
8
13229
8
13229
3
13229
5
13231
7
13238
5
13244
5
13249
4
13256
8
13260
5
13264
6
13265
1
13268
2
13274
8
13282
4
13286
4
13288
6
13290
4
13291
5
13300
5
13301
6
13306
2
13308
3
13311
5
13313
1
13313
5
13314
7
13322
7
13330
7
13334
1
13336
3
13339
8
13346
4
13347
2
13354
1
13358
3
13364
6
13367
8
13375
1
13376
6
13385
5
13389
2
13395
3
13400
7
13404
4
13412
7
13417
4
13418
5
13418
1
13421
2
13429
8
13437
2
13438
6
13438
4
13440
7
13440
6
13441
1
13447
2
13455
2
13456
8
13461
8
13468
8
13475
8
13478
6
13480
6
13481
3
13484
8
13485
2
13494
1
13498
1
13505
6
13514
4
13518
7
13518
7
13518
4
13524
4
13532
1
13538
5
13547
4
13551
5
13555
5
13555
1
13562
1
13566
1
13572
5
13576
5
13578
3
13584
4
13593
4
13599
6
13601
4
13601
4
13606
5
13612
1
13617
7
13618
3
13624
1
13627
1
13630
7
13633
6
13637
6
13640
1
13641
3
13647
4
13653
2
13661
8
13664
5
13664
7
13664
3
13669
1
13671
5
13675
7
13682
6
13686
2
13693
7
13698
7
13707
3
13710
5
13717
7
13724
6
13732
3
13738
6
13739
7
13741
7
13742
7
13749
7
13753
6
13761
6
13765
3
13773
3
13773
1
13777
1
13779
6
13784
3
13793
5
13793
5
13801
4
13802
5
13810
4
13817
1
13817
6
13818
8
13824
8
13827
3
13831
5
13838
1
13840
2
13841
3
13850
7
13850
4
13852
5
13854
3
13860
8
13866
2
13870
4
13878
5
13880
3
13889
4
13893
7
13901
8
13905
4
13910
6
13915
3
13916
4
13921
8
13928
4
13930
3
13931
4
13935
2
13941
2
13947
2
13954
4
13959
1
13968
4
13974
2
13980
1
13989
3
13997
2
14005
1
14008
1
14012
6
14015
8
14024
2
14028
1
14034
7
14041
5
14049
6
14055
3
14056
2
14057
2
14065
5
14074
8
14080
7
14089
6
14091
3
14096
6
14102
5
14107
7
14115
5
14122
5
14127
4
14127
3
14133
4
14135
4
14138
7
14142
2
14149
5
14155
6
14164
2
14171
2
14179
8
14182
4
14182
2
14182
8
14186
3
14187
4
14192
1
14193
7
14198
4
14206
7
14214
1
14219
3
14219
6
14222
4
14229
1
14236
6
14236
3
14242
6
14249
6
14250
3
14250
2
14254
5
14254
4
14254
5
14261
4
14264
5
14270
5
14276
3
14276
3
14277
1
14286
4
14288
8
14295
6
14298
4
14300
5
14305
3
14313
5
14319
7
14324
2
14325
8
14334
6
14338
3
14338
6
14338
4
14346
8
14346
3
14346
3
14348
6
14353
5
14359
8
14362
2
14363
3
14372
5
14380
3
14386
6
14390
2
14393
3
14393
2
14396
5
14396
7
14400
4
14409
3
14409
4
14412
8
14420
7
14426
4
14434
5
14441
8
14442
3
14444
6
14452
8
14456
1
14456
2
14461
8
14462
8
14468
4
14471
5
14480
5
14482
4
14489
4
14492
5
14496
1
14497
5
14501
1
14508
3
14516
5
14518
1
14527
6
14533
6
14541
1
14542
7
14550
4
14553
5
14557
3
14563
8
14563
8
14567
2
14573
5
14574
2
14575
1
14577
6
14579
7
14579
4
14582
7
14589
5
14598
8
14598
4
14601
2
14607
8
14607
1
14607
1
14610
7
14617
3
14622
2
14628
3
14637
8
14645
3
14650
1
14656
7
14665
2
14668
7
14677
6
14678
5
14680
5
14681
6
14681
4
14682
3
14687
5
14696
3
14697
5
14699
5
14706
5
14714
4
14714
2
14719
6
14720
6
14723
1
14731
2
14738
4
14746
2
14753
4
14762
8
14764
6
14769
8
14777
5
14784
5
14784
1
14791
2
14799
1
14805
4
14807
4
14815
5
14815
2
14816
5
14823
8
14825
2
14826
1
14834
5
14835
5
14841
8
14848
8
14852
3
14856
6
14861
7
14869
4
14872
4
14877
8
14884
1
14884
2
14889
6
14894
7
14903
2
14911
6
14918
6
14919
2
14923
7
14929
8
14934
5
14938
7
14941
6
14941
4
14945
6
14952
5
14954
5
14963
7
14966
3
14972
5
14978
5
14981
7
14983
4
14992
5
14997
5
15003
7
15003
5
15003
8
15006
7
15011
7
15018
8
15024
7
15028
6
15029
6
15032
6
15039
2
15041
2
15041
8
15043
6
15043
1
15045
4
15045
3
15048
1
15054
6
15059
5
15062
2
15069
6
15075
6
15078
6
15084
3
15085
2
15091
2
15096
2
15102
6
15111
5
15114
7
15121
7
15126
7
15126
2
15129
5
15136
5
15143
4
15151
2
15160
3
15169
5
15177
5
15186
1
15188
5
15195
5
15201
7
15205
5
15206
6
15212
5
15215
7
15219
1
15225
3
15234
5
15240
4
15243
2
15245
4
15253
2
15257
4
15264
8
15270
3
15273
2
15274
5
15275
5
15283
3
15284
3
15293
2
15302
5
15308
7
15308
5
15316
4
15318
1
15323
3
15324
3
15328
6
15335
8
15342
3
15345
1
15350
1
15359
4
15365
6
15367
2
15376
7
15385
3
15386
2
15388
5
15391
5
15395
5
15396
8
15398
3
15405
5
15410
8
15413
2
15413
1
15414
1
15419
6
15426
5
15433
2
15434
5
15434
7
15441
1
15448
8
15455
6
15456
7
15463
4
15464
7
15472
6
15476
3
15481
3
15490
6
15496
8
15504
8
15506
2
15510
3
15510
3
15514
7
15517
5
15518
2
15518
4
15523
4
15531
8
15536
5
15543
2
15547
6
15550
1
15553
2
15561
1
15565
7
15565
1
15573
3
15582
1
15591
5
15592
3
15597
3
15598
1
15607
5
15611
5
15619
5
15620
7
15620
2
15623
7
15632
5
15640
8
15642
4
15647
8
15655
4
15657
6
15665
6
15665
7
15671
1
15672
2
15678
2
15684
1
15690
8
15692
3
15694
7
15703
5
15706
2
15714
3
15717
4
15719
5
15723
1
15726
1
15732
8
15741
8
15747
4
15753
3
15760
2
15763
6
15763
3
15763
6
15768
5
15777
6
15777
3
15778
3
15786
7
15792
5
15797
1
15805
2
15809
5
15810
7
15819
4
15823
4
15826
3
15833
1
15836
8
15838
2
15843
5
15845
2
15853
3
15853
5
15853
1
15853
4
15861
4
15868
8
15877
3
15882
5
15883
1
15885
5
15894
1
15895
4
15899
8
15904
1
15913
6
15919
1
15925
7
15931
3
15937
6
15941
2
15944
5
15950
5
15954
1
15958
4
15961
5
15963
7
15966
7
15975
5
15975
4
15984
6
15990
7
15993
2
15994
6
15999
5
16003
2
16003
8
16012
6
16017
2
16018
3
16020
6
16021
6
16024
6
16028
2
16030
8
16039
2
16041
8
16048
6
16052
4
16057
1
16064
3
16065
3
16072
6
16078
4
16078
1
16087
4
16089
2
16095
7
16100
2
16106
3
16111
1
16115
3
16115
5
16119
4
16121
6
16126
5
16131
3
16131
1
16140
7
16141
6
16149
5
16155
6
16156
8
16160
2
16164
1
16167
7
16167
3
16168
6
16169
6
16174
6
16175
4
16180
1
16188
1
16191
4
16194
3
16202
4
16211
3
16218
4
16218
6
16224
3
16225
3
16229
7
16232
2
16240
3
16246
4
16254
1
16255
3
16263
7
16265
1
16271
1
16274
5
16276
1
16284
3
16287
8
16293
7
16293
5
16293
5
16295
3
16296
8
16303
5
16311
8
16312
5
16316
1
16316
4
16321
2
16321
4
16326
2
16332
4
16333
1
16337
6
16343
7
16351
1
16360
2
16363
1
16372
2
16376
7
16378
2
16380
3
16388
7
16393
5
16395
6
16396
3
16404
1
16408
6
16409
8
16417
3
16424
7
16429
6
16436
2
16438
1
16446
4
16452
5
16457
4
16460
5
16467
3
16467
8
16476
6
16479
1
16482
4
16487
6
16490
7
16494
4
16501
1
16509
7
16509
8
16514
8
16517
4
16521
4
16524
5
16526
6
16534
1
16541
1
16545
4
16551
4
16556
1
16562
2
16564
1
16573
7
16582
1
16588
1
16591
3
16600
6
16609
2
16617
2
16622
2
16631
3
16633
2
16638
8
16643
8
16651
2
16655
1
16664
1
16673
7
16675
5
16677
7
16684
4
16688
1
16688
3
16692
3
16697
6
16702
8
16704
4
16705
6
16709
2
16713
1
16713
8
16715
4
16724
6
16732
7
16732
1
16739
2
16748
5
16751
7
16757
7
16758
1
16761
7
16765
6
16773
8
16775
2
16776
4
16779
4
16786
6
16795
7
16799
5
16807
1
16816
5
16823
7
16825
3
16828
6
16835
8
16837
2
16838
6
16843
8
16846
6
16847
7
16848
8
16855
2
16860
3
16863
2
16867
5
16874
2
16877
6
16883
2
16888
7
16888
7
16892
6
16897
5
16900
4
16900
3
16909
1
16912
3
16918
5
16925
3
16927
2
16929
1
16937
8
16939
5
16945
7
16951
3
16956
2
16959
2
16968
2
16973
7
16974
4
16982
7
16987
8
16990
1
16999
3
17004
7
17004
3
17009
5
17018
6
17022
5
17029
6
17033
4
17033
6
17033
1
17036
5
17040
6
17043
6
17047
8
17051
4
17052
7
17056
7
17060
1
17066
8
17069
1
17072
1
17073
3
17076
8
17084
6
17084
6
17093
7
17101
2
17102
4
17109
1
17116
1
17121
2
17128
1
17132
1
17132
5
17137
1
17144
3
17144
3
17147
5
17150
5
17151
6
17151
7
17159
6
17160
7
17167
5
17175
6
17177
6
17179
3
17180
4
17188
6
17196
1
17197
7
17204
2
17205
2
17207
8
17207
4
17214
4
17216
3
17217
2
17221
4
17221
8
17226
3
17231
1
17237
1
17239
1
17244
3
17250
8
17259
2
17262
3
17270
6
17276
3
17276
2
17276
5
17276
5
17280
7
17283
3
17287
1
17287
1
17292
7
17292
6
17300
3
17307
3
17314
4
17317
8
17325
4
17331
3
17339
2
17344
5
17346
2
17355
2
17362
1
17367
2
17376
8
17384
8
17387
8
17392
6
17396
2
17397
7
17406
8
17408
8
17409
8
17412
1
17420
7
17422
2
17423
1
17430
8
17430
6
17436
7
17443
1
17451
2
17456
5
17463
6
17469
1
17469
7
17475
4
17478
6
17486
6
17488
4
17496
6
17502
4
17508
2
17509
3
17515
6
17518
6
17519
6
17519
6
17519
8
17521
3
17528
7
17537
4
17546
2
17549
8
17549
1
17552
5
17560
6
17564
8
17572
5
17577
6
17578
5
17578
6
17584
1
17586
2
17594
2
17598
2
17601
2
17610
7
17619
2
17627
5
17629
4
17629
7
17636
6
17637
5
17640
5
17643
6
17648
8
17648
5
17655
2
17659
5
17659
5
17660
2
17667
5
17675
3
17683
6
17690
7
17699
7
17701
5
17708
4
17711
8
17713
1
17715
7
17719
8
17722
4
17723
8
17730
4
17739
3
17743
3
17746
8
17747
6
17756
8
17758
8
17759
4
17761
6
17770
6
17777
2
17779
5
17786
1
17786
5
17793
5
17800
8
17807
3
17813
4
17816
4
17820
5
17820
6
17823
4
17831
4
17834
4
17834
3
17839
6
17840
5
17842
3
17847
2
17852
7
17861
5
17866
8
17869
2
17869
1
17875
5
17878
1
17879
4
17885
4
17891
7
17896
8
17904
1
17913
2
17918
7
17926
5
17927
2
17932
8
17933
4
17935
8
17944
2
17950
4
17954
4
17959
4
17960
7
17969
4
17970
3
17973
3
17974
5
17974
4
17976
3
17982
2
17990
4
17999
7
18005
6
18011
1
18020
8
18022
5
18030
3
18037
8
18041
2
18045
6
18050
3
18051
4
18051
5
18059
6
18064
6
18065
8
18073
2
18082
1
18084
2
18089
7
18092
4
18100
7
18102
4
18111
7
18112
5
18116
4
18120
6
18124
1
18132
1
18134
3
18135
4
18135
1
18138
2
18147
1
18153
6
18161
7
18164
4
18173
6
18181
1
18190
4
18196
4
18200
6
18208
6
18213
6
18213
2
18216
6
18221
4
18223
1
18226
6
18226
4
18230
6
18231
8
18239
4
18246
2
18248
4
18257
5
18263
2
18269
4
18273
3
18278
3
18285
7
18288
8
18296
4
18297
1
18299
7
18303
6
18310
5
18310
5
18311
8
18317
4
18324
8
18333
6
18334
3
18336
7
18344
3
18353
5
18353
8
18360
8
18369
1
18376
7
18385
5
18386
4
18387
2
18395
1
18402
3
18411
7
18413
5
18419
1
18426
2
18432
2
18434
6
18440
7
18444
3
18447
6
18448
4
18450
3
18455
4
18461
2
18463
4
18468
7
18474
3
18478
7
18478
1
18485
3
18487
7
18492
1
18492
5
18497
2
18506
4
18509
8
18518
7
18526
8
18532
7
18539
5
18545
4
18551
5
18553
5
18553
2
18556
3
18559
6
18561
3
18562
1
18565
7
18569
6
18573
7
18574
7
18579
7
18587
8
18588
1
18593
8
18596
2
18599
8
18604
2
18608
3
18608
2
18612
2
18612
2
18615
1
18621
6
18623
5
18631
3
18637
4
18644
8
18648
4
18655
4
18658
2
18667
3
18673
8
18679
6
18683
6
18692
6
18697
8
18700
5
18709
3
18711
4
18716
8
18717
5
18722
3
18724
3
18725
3
18734
8
18736
5
18740
5
18743
4
18752
5
18757
6
18760
6
18762
7
18768
6
18769
8
18774
7
18783
2
18786
7
18787
2
18791
1
18797
6
18801
2
18809
6
18816
6
18817
8
18818
8
18827
6
18828
5
18835
6
18841
6
18849
4
18849
1
18855
3
18856
3
18861
5
18864
6
18869
7
18869
3
18873
3
18875
5
18881
3
18883
1
18886
5
18891
3
18893
8
18902
1
18909
4
18918
5
18923
3
18931
3
18931
2
18932
6
18933
4
18937
5
18943
8
18944
2
18946
6
18954
3
18955
6
18955
4
18955
3
18956
2
18963
4
18970
3
18971
5
18975
8
18981
2
18982
4
18983
7
18990
2
18990
2
18998
2
19007
7
19015
2
19022
8
19026
7
19026
8
19029
8
19033
3
19034
7
19038
6
19047
3
19053
6
19061
4
19066
6
19072
1
19080
1
19081
4
19086
7
19090
4
19091
4
19097
3
19106
8
19110
2
19111
5
19116
4
19121
2
19127
4
19131
1
19138
2
19140
3
19145
7
19153
8
19160
7
19168
8
19170
2
19172
6
19174
1
19181
7
19182
5
19183
1
19191
3
19195
5
19195
4
19201
2
19202
4
19206
4
19214
5
19215
4
19219
4
19225
2
19230
7
19235
1
19242
1
19247
1
19251
2
19260
4
19264
6
19270
7
19272
3
19280
6
19283
6
19292
6
19299
2
19307
5
19315
3
19316
4
19324
2
19333
1
19335
7
19338
4
19343
5
19347
4
19350
4
19353
5
19356
4
19358
6
19366
6
19374
7
19374
8
19374
7
19380
4
19384
4
19393
1
19394
6
19401
3
19410
7
19410
7
19411
6
19414
4
19417
5
19425
1
19431
8
19435
6
19438
3
19445
5
19453
7
19459
4
19460
2
19467
1
19476
7
19482
2
19491
5
19500
1
19501
1
19501
1
19501
7
19503
5
19507
5
19509
8
19510
1
19510
5
19515
5
19521
3
19523
8
19525
6
19534
1
19534
1
19539
1
19539
6
19547
4
19548
7
19555
5
19560
4
19569
6
19574
5
19583
4
19583
6
19583
4
19588
7
19592
1
19597
8
19604
3
19605
8
19606
7
19610
2
19617
1
19622
5
19630
7
19630
4
19636
8
19643
4
19649
6
19657
6
19658
3
19661
5
19663
7
19672
8
19673
7
19673
5
19681
5
19689
1
19690
1
19690
4
19699
3
19707
2
19716
3
19719
7
19728
6
19733
4
19733
4
19733
7
19735
1
19743
5
19751
6
19757
6
19760
3
19764
2
19768
2
19776
4
19781
4
19784
7
19786
7
19790
4
19794
8
19795
7
19799
7
19807
7
19810
6
19816
5
19818
3
19827
1
19836
8
19845
4
19852
8
19857
4
19861
4
19867
1
19868
3
19870
2
19875
1
19878
4
19884
3
19886
2
19886
3
19892
8
19897
8
19904
5
19904
4
19909
1
19918
2
19926
7
19931
3
19933
7
19938
3
19942
7
19948
3
19954
2
19960
5
19968
4
19971
7
19971
5
19980
2
19983
8
19986
4
19986
6
19987
8
19989
2
19990
7
19992
6
19994
3
20001
6
20003
5
20005
7
20008
3
20009
8
20016
2
20025
7
20029
8
20037
1
20042
3
20049
5
20056
5
20064
4
20070
2
20073
4
20077
2
20083
5
20087
5
20089
1
20098
6
20106
5
20115
8
20118
2
20127
2
20131
5
20135
4
20138
7
20147
7
20156
6
20160
6
20163
5
20169
6
20176
7
20178
8
20180
2
20185
3
20187
1
20195
8
20198
8
20205
6
20211
4
20212
6
20220
2
20222
5
20228
5
20231
8
20231
2
20237
7
20246
7
20251
5
20255
4
20262
3
20270
3
20272
4
20276
7
20283
2
20292
5
20295
5
20304
8
20310
7
20314
2
20314
5
20318
6
20321
2
20323
3
20323
3
20332
8
20337
5
20340
5
20348
1
20349
5
20356
6
20357
5
20361
5
20363
8
20369
4
20370
4
20371
3
20373
1
20374
6
20377
3
20383
7
20392
4
20395
5
20395
3
20400
2
20407
3
20412
1
20420
7
20425
3
20431
5
20440
4
20449
5
20455
6
20458
8
20463
1
20469
4
20473
5
20482
4
20487
4
20490
7
20495
4
20497
3
20497
4
20501
6
20507
4
20513
5
20516
4
20525
4
20533
1
20538
5
20545
4
20545
8
20553
8
20555
2
20562
1
20562
8
20563
2
20566
7
20572
8
20575
4
20579
5
20586
7
20594
3
20595
6
20596
7
20604
4
20608
2
20609
4
20616
2
20625
5
20631
6
20632
2
20639
8
20646
4
20654
7
20658
8
20666
2
20675
1
20678
8
20687
4
20691
6
20696
8
20696
6
20696
2
20704
1
20713
5
20714
8
20717
6
20723
5
20728
5
20733
4
20734
1
20737
7
20739
5
20747
5
20754
1
20758
2
20767
8
20769
1
20777
1
20778
1
20780
4
20782
2
20790
3
20798
1
20804
5
20806
4
20806
1
20809
7
20812
4
20814
5
20815
1
20815
7
20821
3
20830
3
20839
8
20845
1
20853
1
20856
2
20858
6
20865
6
20865
1
20869
7
20870
3
20874
6
20879
2
20887
6
20892
1
20901
7
20901
8
20901
1
20910
8
20917
8
20921
1
20929
5
20930
8
20932
3
20934
5
20935
2
20937
3
20943
8
20943
8
20952
7
20954
8
20956
5
20959
8
20959
5
20965
2
20967
3
20976
7
20977
6
20982
6
20987
1
20996
2
20997
4
20998
5
21005
5
21006
6
21010
1
21012
2
21019
4
21026
4
21027
5
21030
7
21033
7
21035
1
21039
5
21044
4
21052
4
21059
7
21066
6
21070
4
21076
8
21077
7
21082
3
21088
5
21088
2
21089
2
21097
4
21097
4
21101
2
21103
4
21105
4
21114
8
21123
7
21127
6
21131
8
21138
8
21141
2
21148
2
21151
4
21152
7
21159
2
21167
8
21171
3
21180
2
21189
3
21195
8
21204
7
21204
1
21213
1
21218
3
21225
6
21230
4
21232
6
21239
3
21247
6
21251
6
21255
4
21259
6
21259
1
21264
4
21266
6
21270
7
21277
1
21282
2
21286
5
21287
2
21290
8
21298
6
21306
1
21312
6
21314
7
21315
3
21319
5
21324
6
21330
6
21338
8
21345
3
21350
5
21357
1
21360
4
21362
7
21370
6
21370
1
21379
6
21383
3
21390
8
21397
2
21399
1
21404
7
21413
1
21415
3
21424
8
21430
5
21437
4
21446
8
21449
8
21449
4
21457
1
21461
1
21468
1
21471
2
21471
8
21473
1
21475
2
21477
1
21483
4
21483
7
21489
4
21489
8
21489
5
21496
4
21504
3
21510
5
21516
5
21519
3
21522
4
21525
3
21533
4
21534
1
21541
1
21545
1
21545
6
21548
6
21556
4
21559
5
21562
8
21566
1
21572
5
21578
1
21580
5
21587
1
21595
1
21596
5
21596
2
21596
2
21597
3
21603
1
21610
2
21616
3
21623
5
21629
1
21630
7
21632
2
21636
5
21638
4
21642
5
21644
7
21644
5
21647
4
21652
6
21661
4
21663
4
21670
2
21677
8
21680
4
21682
6
21689
3
21692
6
21701
7
21710
4
21712
7
21715
8
21724
7
21731
2
21734
5
21742
8
21749
5
21755
6
21761
4
21763
4
21770
6
21776
1
21777
6
21780
1
21780
3
21782
8
21790
1
21798
3
21804
8
21813
2
21814
3
21818
7
21820
7
21821
7
21824
6
21828
4
21829
1
21832
5
21838
6
21845
7
21849
5
21852
6
21860
7
21866
2
21871
1
21873
2
21874
7
21878
6
21879
6
21882
5
21888
6
21893
1
21896
4
21897
3
21905
2
21908
2
21909
2
21912
7
21918
7
21918
3
21921
6
21929
4
21936
8
21945
8
21953
6
21960
2
21961
6
21969
3
21973
5
21981
4
21988
8
21992
4
21992
4
22000
2
22008
1
22011
2
22019
7
22023
8
22030
6
22038
3
22039
7
22043
8
22050
2
22052
1
22055
1
22060
8
22060
3
22061
2
22063
7
22072
6
22075
7
22082
2
22089
7
22095
4
22099
1
22104
5
22110
3
22118
7
22126
3
22134
4
22135
5
22137
2
22137
7
22140
1
22146
2
22148
5
22153
4
22158
5
22161
8
22165
2
22170
8
22176
5
22181
2
22189
1
22198
3
22207
2
22208
4
22212
5
22217
1
22219
4
22226
3
22235
4
22241
3
22245
8
22249
7
22258
1
22264
1
22268
8
22272
7
22274
2
22281
8
22290
6
22296
1
22305
1
22311
4
22319
3
22323
8
22327
1
22332
4
22333
1
22333
4
22338
1
22345
3
22353
4
22357
3
22364
5
22365
6
22373
1
22379
5
22384
5
22388
8
22389
7
22392
6
22397
2
22398
4
22399
6
22405
5
22410
8
22418
2
22424
7
22429
5
22430
6
22431
1
22431
4
22437
3
22443
3
22443
7
22449
3
22450
6
22451
6
22455
1
22461
3
22469
5
22473
6
22475
1
22476
6
22477
4
22485
7
22485
4
22492
4
22499
6
22506
3
22513
5
22521
3
22528
1
22534
6
22540
1
22541
5
22549
2
22554
7
22555
7
22563
5
22568
6
22576
6
22582
5
22591
6
22594
4
22600
6
22601
4
22608
4
22614
2
22619
5
22626
2
22631
7
22631
2
22638
3
22640
7
22648
7
22650
4
22659
5
22668
3
22676
4
22680
8
22680
5
22688
2
22695
2
22698
3
22700
6
22703
8
22712
3
22712
1
22721
8
22728
1
22734
3
22734
7
22739
5
22739
1
22748
8
22756
1
22759
4
22766
3
22771
4
22777
4
22780
7
22780
2
22782
8
22782
8
22784
3
22792
3
22801
6
22805
2
22812
6
22820
8
22829
3
22834
2
22836
3
22840
8
22845
1
22845
3
22853
8
22858
8
22859
8
22862
2
22863
7
22870
5
22877
8
22885
3
22885
4
22890
5
22894
8
22900
4
22902
5
22902
4
22911
2
22912
3
22916
3
22918
5
22919
4
22928
6
22934
2
22940
6
22941
4
22945
4
22948
7
22953
5
22956
1
22957
1
22964
6
22965
8
22972
8
22973
2
22978
7
22987
2
22996
4
23003
5
23009
5
23010
6
23014
5
23019
1
23022
2
23026
8
23026
7
23033
8
23037
2
23039
8
23040
3
23046
2
23054
3
23062
4
23062
6
23062
3
23064
3
23069
7
23072
1
23074
1
23078
8
23085
3
23085
4
23090
4
23094
4
23100
6
23100
8
23109
6
23116
1
23118
3
23119
3
23121
3
23122
1
23124
2
23129
8
23132
3
23139
1
23144
6
23150
7
23152
2
23158
5
23162
5
23162
6
23162
1
23165
7
23171
5
23173
8
23182
8
23182
8
23189
1
23198
6
23198
2
23204
8
23211
7
23213
5
23221
6
23222
7
23230
4
23231
7
23237
6
23241
5
23241
8
23250
5
23251
3
23252
3
23261
2
23266
8
23271
7
23274
4
23281
6
23283
2
23290
2
23298
2
23299
6
23304
6
23304
6
23311
4
23320
3
23322
1
23329
8
23332
1
23332
8
23340
1
23349
2
23352
4
23353
3
23359
2
23363
8
23372
2
23378
3
23379
7
23387
6
23390
6
23390
8
23398
7
23403
4
23407
8
23415
7
23424
4
23428
2
23428
3
23434
5
23440
7
23442
8
23447
8
23448
1
23449
4
23454
2
23455
1
23457
7
23458
8
23460
6
23466
5
23470
1
23472
5
23475
6
23476
2
23485
7
23492
3
23492
3
23494
2
23495
1
23501
4
23507
8
23512
2
23516
4
23519
3
23527
6
23530
5
23539
3
23544
6
23552
8
23552
4
23559
6
23565
7
23571
1
23574
5
23580
5
23584
4
23585
1
23594
6
23595
6
23597
1
23603
3
23607
1
23616
1
23617
3
23626
6
23633
4
23637
1
23641
1
23645
2
23645
5
23653
2
23654
6
23663
4
23663
3
23672
5
23678
4
23678
1
23686
5
23688
3
23689
6
23690
8
23696
8
23698
4
23699
5
23708
4
23715
8
23720
5
23720
4
23725
6
23730
3
23735
4
23735
6
23736
4
23744
5
23753
1
23755
4
23761
6
23763
4
23767
6
23768
4
23777
1
23782
5
23783
6
23790
1
23791
3
23796
3
23803
7
23809
6
23812
7
23821
7
23824
3
23827
4
23834
3
23843
6
23843
3
23843
3
23845
5
23852
7
23854
1
23856
8
23857
4
23860
6
23868
4
23877
8
23881
6
23889
4
23889
2
23889
6
23890
1
23897
6
23897
7
23905
6
23908
7
23909
5
23911
4
23917
3
23922
7
23926
3
23926
5
23929
2
23938
2
23947
7
23953
2
23959
8
23960
7
23962
5
23965
5
23967
5
23975
5
23984
1
23984
2
23992
5
24001
1
24002
1
24002
2
24007
1
24014
6
24016
2
24018
1
24021
8
24026
8
24033
4
24038
1
24043
6
24051
1
24056
5
24065
2
24071
1
24078
8
24082
5
24087
3
24094
8
24101
5
24110
8
24112
6
24114
4
24120
4
24121
8
24128
1
24130
2
24134
1
24141
5
24143
7
24144
8
24151
3
24153
4
24161
3
24163
1
24163
1
24169
2
24177
8
24179
4
24180
4
24187
6
24194
6
24196
6
24199
7
24200
5
24207
5
24213
5
24215
7
24222
3
24226
5
24229
5
24232
6
24234
6
24234
1
24234
7
24242
1
24250
7
24259
2
24264
4
24268
5
24268
3
24276
7
24283
1
24288
1
24291
8
24299
2
24305
4
24311
2
24318
5
24323
2
24323
8
24328
1
24330
2
24335
4
24335
3
24336
3
24336
6
24344
5
24349
4
24353
7
24354
7
24354
7
24360
4
24363
4
24371
4
24379
3
24383
6
24384
4
24391
3
24394
4
24396
2
24403
4
24406
7
24414
6
24415
4
24423
5
24432
6
24438
6
24438
2
24441
2
24441
2
24450
2
24454
3
24456
5
24460
5
24468
2
24469
3
24476
8
24476
3
24485
4
24493
3
24502
5
24505
2
24505
5
24508
6
24517
5
24518
8
24522
5
24529
4
24534
4
24537
3
24542
6
24550
6
24554
5
24556
6
24558
3
24560
6
24563
3
24566
2
24568
2
24570
6
24573
8
24580
1
24582
6
24585
5
24586
6
24592
1
24596
7
24604
5
24604
8
24610
1
24617
8
24618
3
24626
7
24631
8
24634
3
24637
6
24639
1
24644
2
24646
3
24652
6
24656
8
24665
4
24670
7
24670
5
24675
7
24675
6
24684
5
24684
5
24686
1
24691
7
24698
3
24702
2
24710
6
24716
4
24720
4
24722
1
24723
4
24730
1
24731
6
24734
3
24741
5
24747
5
24754
5
24762
5
24767
4
24771
6
24771
1
24780
2
24789
7
24797
4
24806
2
24814
7
24814
4
24819
4
24826
5
24830
7
24832
4
24833
2
24840
4
24840
3
24846
6
24850
4
24856
6
24860
4
24868
5
24871
1
24873
7
24874
8
24874
7
24874
7
24876
8
24880
1
24884
7
24893
8
24901
4
24908
7
24910
5
24916
1
24920
7
24921
2
24921
1
24921
3
24922
6
24925
7
24930
8
24939
4
24942
1
24944
2
24952
1
24952
1
24961
3
24970
5
24979
6
24979
2
24985
3
24988
1
24988
5
24990
1
24990
7
24992
5
24993
7
25001
6
25009
1
25017
8
25023
1
25027
8
25031
8
25032
3
25038
5
25047
5
25048
2
25054
4
25061
1
25067
5
25067
3
25073
6
25075
2
25077
2
25085
6
25094
5
25103
3
25103
2
25105
3
25105
7
25106
3
25108
6
25113
3
25116
5
25118
1
25123
2
25130
6
25139
4
25144
2
25145
7
25145
4
25147
6
25148
3
25151
3
25157
3
25157
6
25161
7
25163
3
25168
5
25177
8
25186
7
25189
2
25191
1
25194
1
25203
5
25203
1
25203
2
25210
5
25214
8
25214
3
25217
8
25217
6
25222
6
25229
4
25235
2
25239
1
25248
5
25248
4
25256
4
25257
8
25259
3
25260
4
25260
7
25266
7
25271
2
25279
2
25283
4
25292
5
25297
1
25304
3
25308
6
25315
7
25319
1
25322
2
25323
4
25331
1
25331
4
25332
7
25335
4
25337
4
25342
1
25351
5
25356
1
25360
1
25368
3
25377
5
25383
7
25386
4
25392
4
25394
6
25395
6
25399
8
25402
5
25406
8
25412
7
25419
5
25421
6
25426
2
25433
5
25434
5
25440
6
25440
5
25442
2
25448
1
25454
3
25459
1
25465
3
25466
4
25472
3
25480
7
25483
7
25490
8
25496
6
25502
7
25507
6
25510
1
25515
6
25520
6
25527
8
25533
6
25534
3
25534
1
25537
4
25539
5
25545
8
25545
5
25548
5
25548
5
25555
6
25558
8
25563
5
25567
8
25571
8
25573
1
25578
6
25582
2
25589
7
25597
5
25605
4
25607
5
25610
5
25615
7
25622
7
25629
3
25637
6
25640
4
25647
6
25654
4
25662
3
25665
3
25666
5
25672
7
25679
1
25680
4
25680
8
25685
7
25692
3
25701
4
25701
6
25707
3
25709
3
25714
5
25718
6
25720
2
25723
1
25732
2
25735
5
25739
8
25739
8
25740
6
25746
3
25753
2
25760
1
25765
5
25768
7
25774
3
25777
3
25782
2
25786
8
25788
1
25790
6
25795
7
25796
7
25799
1
25800
3
25808
3
25814
8
25817
7
25818
7
25827
2
25834
4
25841
5
25849
6
25851
2
25851
2
25858
2
25858
2
25862
4
25866
5
25875
5
25875
7
25877
1
25884
6
25891
1
25898
3
25902
6
25911
2
25913
1
25920
5
25924
5
25926
1
25928
4
25933
7
25940
3
25943
6
25949
5
25953
2
25953
8
25953
4
25957
5
25960
8
25969
3
25971
6
25971
2
25975
5
25983
3
25992
3
25997
3
26002
3
26008
8
26013
8
26021
6
26021
6
26025
7
26027
8
26036
1
26044
4
26048
6
26054
5
26061
1
26070
5
26073
4
26078
7
26085
6
26092
4
26097
2
26099
7
26099
4
26107
7
26110
5
26113
5
26113
8
26117
6
26117
3
26123
6
26123
4
26132
8
26138
6
26140
2
26148
3
26153
7
26157
3
26164
2
26165
3
26173
1
26177
2
26178
7
26178
3
26183
5
26186
5
26193
3
26202
6
26206
2
26209
5
26214
2
26223
5
26227
5
26232
4
26235
1
26244
4
26250
3
26258
1
26264
1
26265
8
26267
8
26272
4
26276
7
26276
7
26284
1
26286
7
26286
7
26287
7
26288
1
26295
7
26296
2
26300
7
26306
7
26309
4
26317
3
26319
2
26322
5
26323
4
26328
7
26332
6
26338
6
26341
5
26346
1
26346
2
26350
5
26357
5
26362
3
26366
3
26369
1
26372
8
26374
3
26381
4
26388
5
26394
3
26402
7
26405
7
26405
1
26406
1
26408
7
26411
8
26414
6
26419
4
26426
4
26432
3
26434
5
26434
8
26436
6
26436
8
26442
4
26443
5
26448
4
26452
5
26455
6
26457
3
26461
3
26470
2
26479
7
26482
6
26487
4
26488
4
26494
1
26499
8
26507
1
26515
7
26519
7
26523
3
26530
8
26530
4
26535
1
26540
5
26541
6
26543
3
26552
3
26553
1
26554
4
26554
7
26560
1
26568
4
26576
3
26580
5
26584
2
26589
5
26597
8
26599
5
26606
1
26614
5
26617
6
26622
3
26623
5
26632
4
26635
4
26642
1
26647
8
26647
1
26653
7
26660
6
26667
4
26676
3
26678
4
26686
3
26688
4
26689
4
26694
3
26694
6
26703
8
26706
5
26710
7
26711
8
26711
2
26715
5
26717
7
26717
5
26722
2
26722
2
26728
7
26728
4
26735
2
26740
4
26740
3
26746
5
26746
3
26748
2
26757
3
26762
4
26764
1
26768
8
26774
4
26783
2
26788
3
26791
4
26793
1
26799
1
26805
7
26814
2
26815
1
26818
3
26818
7
26825
4
26828
4
26832
6
26835
3
26836
1
26840
8
26846
2
26852
1
26854
6
26855
6
26860
6
26864
3
26870
5
26870
6
26872
8
26880
7
26885
2
26892
5
26892
8
26894
5
26903
4
26911
6
26915
2
26921
4
26926
3
26932
1
26939
4
26940
2
26946
5
26950
1
26955
6
26964
6
26967
3
26967
7
26976
7
26978
8
26984
3
26986
5
26995
4
27003
3
27005
1
27013
4
27022
1
27024
5
27025
3
27029
8
27038
7
27040
2
27040
5
27048
1
27048
5
27050
2
27051
1
27052
6
27052
5
27061
7
27069
3
27076
5
27084
1
27088
8
27094
5
27098
5
27098
7
27106
5
27111
1
27116
1
27116
8
27121
2
27122
6
27131
5
27133
3
27136
1
27143
1
27145
1
27154
2
27154
1
27163
4
27164
6
27169
2
27169
5
27176
3
27181
2
27182
6
27189
8
27192
8
27195
3
27203
2
27205
8
27214
2
27214
4
27217
4
27225
1
27229
8
27233
1
27235
6
27242
3
27250
4
27250
3
27257
7
27262
6
27265
7
27268
7
27269
1
27269
6
27274
3
27281
7
27285
1
27293
7
27294
8
27303
6
27303
8
27309
4
27310
1
27317
6
27324
1
27325
5
27328
3
27330
7
27335
8
27337
4
27344
4
27352
7
27357
2
27357
7
27362
1
27366
2
27375
3
27378
1
27378
6
27379
8
27381
2
27389
3
27393
6
27393
4
27399
6
27403
5
27406
1
27406
6
27408
1
27413
5
27421
7
27430
2
27430
7
27430
4
27430
8
27437
1
27443
6
27449
6
27456
4
27456
1
27460
3
27465
7
27470
2
27474
6
27481
8
27486
4
27493
6
27493
6
27498
4
27499
1
27507
5
27508
2
27516
7
27516
7
27522
2
27524
5
27525
5
27526
4
27526
3
27528
3
27535
5
27538
2
27538
5
27547
3
27550
5
27558
4
27566
5
27571
2
27571
8
27579
8
27586
5
27588
2
27593
8
27602
3
27609
8
27616
3
27618
6
27618
3
27620
5
27621
3
27627
5
27630
1
27634
7
27635
8
27642
1
27649
7
27649
3
27649
4
27652
2
27659
8
27664
6
27669
6
27674
3
27678
3
27681
3
27681
2
27686
2
27692
6
27692
2
27701
6
27707
1
27708
7
27717
5
27723
7
27726
6
27731
1
27737
4
27746
7
27749
3
27757
5
27766
4
27767
3
27776
8
27785
5
27790
5
27793
7
27801
7
27809
7
27810
1
27816
5
27823
2
27831
4
27833
8
27835
8
27838
7
27839
3
27846
8
27846
5
27851
7
27857
7
27859
3
27864
8
27873
6
27875
7
27879
8
27884
3
27887
4
27894
1
27901
3
27902
2
27903
6
27903
7
27909
1
27913
7
27921
8
27924
4
27930
7
27936
6
27944
6
27953
2
27955
3
27961
2
27965
4
27969
4
27971
1
27979
5
27988
6
27995
4
27998
6
27999
1
28007
3
28012
8
28016
5
28023
5
28029
3
28032
1
28034
7
28040
2
28044
2
28044
2
28044
1
28044
6
28044
8
28044
2
28049
4
28055
5
28056
1
28063
3
28067
1
28076
7
28081
3
28081
4
28082
7
28087
4
28090
7
28096
6
28097
7
28102
5
28102
4
28107
5
28113
3
28119
3
28123
5
28128
6
28130
3
28135
6
28141
5
28150
3
28158
1
28162
2
28163
5
28172
5
28173
2
28181
4
28190
1
28191
6
28196
2
28200
6
28209
8
28214
3
28221
2
28222
5
28224
5
28228
5
28234
2
28241
1
28244
6
28252
7
28255
4
28255
8
28257
7
28264
2
28270
8
28278
1
28282
8
28286
1
28292
3
28296
3
28303
1
28312
1
28312
3
28313
5
28322
5
28322
6
28330
4
28335
6
28344
6
28346
3
28352
3
28354
5
28354
2
28361
4
28366
5
28370
5
28378
7
28382
7
28385
4
28394
2
28403
5
28408
7
28409
4
28417
3
28423
7
28431
3
28433
8
28437
7
28440
2
28443
5
28447
5
28451
3
28456
8
28456
3
28462
7
28471
5
28476
2
28482
7
28483
3
28485
8
28491
2
28492
2
28500
2
28500
4
28501
4
28502
6
28511
5
28515
7
28516
1
28517
6
28517
6
28526
3
28526
2
28532
8
28537
6
28539
7
28546
6
28547
3
28551
4
28552
8
28560
5
28564
6
28565
7
28571
1
28579
6
28581
5
28587
4
28587
8
28587
1
28593
1
28602
5
28603
5
28606
1
28606
6
28609
1
28617
2
28623
8
28624
8
28630
6
28635
1
28643
6
28650
5
28652
6
28653
4
28655
6
28660
2
28663
6
28671
4
28676
1
28680
3
28682
1
28685
4
28686
6
28686
6
28690
7
28692
4
28701
8
28703
1
28705
1
28714
1
28718
2
28727
8
28731
4
28736
7
28738
4
28746
1
28751
1
28751
5
28754
5
28760
5
28765
6
28771
1
28776
6
28785
8
28787
7
28788
6
28789
8
28798
1
28801
3
28803
3
28811
1
28819
4
28823
4
28829
4
28832
5
28837
2
28837
4
28840
3
28846
3
28847
7
28856
7
28860
7
28868
1
28874
8
28875
7
28884
5
28886
2
28893
1
28902
6
28906
1
28915
4
28918
6
28923
8
28931
6
28939
7
28944
6
28952
1
28953
1
28960
7
28963
5
28963
7
28972
7
28981
2
28990
1
28991
5
28996
6
29000
6
29007
1
29008
7
29015
8
29022
1
29024
1
29027
5
29028
2
29035
3
29036
7
29043
4
29051
7
29059
7
29062
3
29070
7
29074
3
29074
6
29082
6
29084
6
29088
8
29090
8
29096
4
29104
6
29111
1
29118
5
29126
5
29132
4
29134
4
29134
2
29134
8
29138
4
29146
3
29151
4
29156
6
29161
1
29166
3
29171
2
29172
3
29178
1
29185
1
29185
5
29188
8
29189
4
29195
4
29203
5
29212
8
29215
1
29219
8
29224
3
29230
4
29238
6
29238
5
29244
5
29250
3
29253
5
29261
5
29270
3
29273
6
29282
8
29290
7
29296
1
29296
4
29297
7
29304
5
29311
4
29319
8
29321
5
29324
5
29332
5
29334
4
29342
6
29350
3
29351
5
29356
8
29360
1
29369
3
29374
2
29375
4
29384
6
29391
4
29396
4
29397
4
29404
5
29408
7
29409
6
29413
2
29415
1
29424
1
29426
6
29432
8
29438
7
29440
1
29442
4
29449
7
29450
1
29459
4
29461
8
29464
1
29473
6
29482
6
29489
6
29489
6
29495
4
29497
8
29504
2
29513
8
29521
3
29522
6
29523
4
29526
2
29529
6
29536
6
29539
5
29541
6
29544
5
29548
2
29551
4
29557
4
29562
8
29564
4
29570
2
29573
5
29574
6
29575
5
29581
1
29587
4
29593
3
29596
5
29600
5
29605
4
29611
2
29612
4
29613
2
29613
3
29613
4
29618
3
29623
2
29627
6
29633
6
29634
3
29639
8
29639
7
29646
8
29654
6
29657
3
29665
5
29673
4
29682
5
29686
5
29692
6
29697
2
29702
2
29709
6
29715
7
29717
6
29721
2
29730
2
29734
8
29740
4
29741
1
29743
1
29747
2
29754
4
29760
8
29766
7
29767
4
29772
4
29774
2
29776
7
29783
1
29791
4
29799
4
29808
7
29811
3
29818
8
29823
1
29828
4
29830
2
29837
1
29844
7
29851
2
29858
7
29867
8
29874
8
29883
3
29884
1
29887
8
29892
3
29900
3
29906
5
29912
4
29912
5
29919
5
29924
1
29933
5
29933
3
29936
6
29937
6
29938
1
29939
2
29942
1
29947
5
29954
3
29960
8
29968
3
29974
6
29980
2
29983
2
29992
5
29998
3
30006
3
30012
4
30019
3
30028
2
30032
8
30037
3
30042
7
30042
4
30048
3
30053
2
30061
4
30061
5
30065
1
30071
8
30072
8
30079
4
30079
4
30083
4
30087
1
30093
6
30095
8
30098
6
30099
8
30104
2
30108
7
30109
1
30118
2
30120
6
30129
6
30131
6
30135
1
30144
4
30150
8
30151
4
30158
5
30167
6
30170
6
30178
6
30178
2
30181
4
30186
5
30189
5
30194
5
30199
6
30202
6
30204
3
30205
2
30206
1
30211
4
30211
2
30217
8
30218
8
30227
3
30229
3
30232
8
30236
8
30241
1
30242
5
30246
6
30249
3
30254
8
30257
5
30258
3
30261
8
30262
7
30270
5
30274
3
30277
8
30285
5
30286
2
30290
5
30291
3
30295
3
30296
8
30297
7
30306
5
30314
8
30319
5
30320
7
30321
7
30321
3
30329
3
30336
5
30344
3
30350
8
30353
8
30353
8
30356
7
30363
3
30365
3
30369
2
30370
2
30374
3
30381
4
30388
5
30390
6
30392
5
30393
3
30397
1
30402
4
30410
1
30417
4
30419
5
30422
5
30427
3
30431
5
30438
4
30446
7
30446
1
30450
7
30456
8
30465
5
30465
7
30468
5
30471
2
30478
3
30483
5
30485
2
30491
8
30498
7
30505
3
30505
5
30510
7
30516
4
30523
6
30526
8
30533
7
30539
7
30542
3
30551
2
30558
6
30564
1
30565
6
30571
8
30573
6
30575
1
30581
8
30585
2
30588
4
30590
4
30595
4
30597
7
30600
4
30603
1
30609
6
30614
1
30615
3
30615
3
30619
1
30619
7
30625
7
30634
3
30639
3
30645
4
30652
5
30660
6
30662
6
30667
1
30672
6
30674
1
30680
3
30680
5
30684
2
30684
5
30691
8
30700
2
30708
3
30712
1
30712
7
30712
5
30712
5
30713
1
30722
8
30725
3
30726
2
30731
6
30737
8
30739
4
30739
7
30740
1
30742
1
30749
3
30751
1
30753
3
30756
8
30763
1
30764
5
30768
1
30776
7
30780
6
30789
2
30789
6
30797
6
30797
4
30803
5
30808
1
30816
1
30819
2
30825
3
30831
4
30838
8
30844
1
30844
4
30847
5
30856
1
30860
8
30860
3
30861
7
30866
4
30868
6
30869
2
30878
7
30882
3
30886
5
30886
2
30894
4
30902
1
30903
1
30909
2
30918
7
30926
5
30929
4
30934
4
30939
8
30940
2
30949
2
30952
5
30960
5
30966
2
30972
5
30979
3
30982
2
30988
6
30992
8
30996
7
31001
6
31007
7
31016
4
31019
6
31027
3
31033
2
31042
4
31051
4
31057
1
31060
1
31060
5
31065
5
31069
5
31069
3
31076
3
31082
3
31088
3
31094
8
31100
5
31108
4
31111
6
31112
5
31116
2
31118
6
31118
2
31119
8
31120
3
31124
1
31132
2
31136
3
31144
5
31147
6
31147
1
31156
6
31161
3
31162
5
31171
2
31179
2
31187
3
31189
3
31197
8
31201
1
31210
1
31212
7
31212
1
31215
8
31223
5
31231
3
31240
5
31249
3
31249
3
31256
1
31265
8
31270
3
31270
7
31274
6
31276
1
31283
2
31285
4
31291
8
31295
2
31300
3
31300
5
31301
2
31305
3
31311
7
31315
8
31319
1
31323
8
31328
3
31335
7
31343
8
31351
1
31355
7
31355
2
31364
4
31365
6
31366
2
31367
8
31373
5
31376
2
31379
7
31384
7
31392
3
31396
7
31397
6
31400
4
31405
6
31413
4
31414
7
31423
6
31425
2
31430
6
31431
4
31438
8
31440
7
31443
7
31451
8
31458
3
31461
5
31469
5
31472
7
31475
8
31478
1
31480
6
31482
1
31491
4
31496
7
31501
3
31502
1
31504
5
31504
2
31509
8
31515
6
31518
3
31519
8
31528
6
31530
3
31536
2
31539
5
31542
7
31551
1
31557
1
31560
3
31566
4
31571
7
31573
1
31579
1
31585
2
31592
7
31597
7
31599
6
31603
2
31610
6
31617
4
31626
5
31635
4
31637
7
31643
2
31644
1
31646
8
31653
6
31653
3
31660
4
31668
2
31677
7
31683
7
31692
6
31699
7
31705
4
31708
3
31709
4
31710
2
31714
3
31714
8
31723
4
31730
4
31730
2
31736
5
31742
1
31742
1
31744
3
31753
8
31760
7
31766
1
31766
5
31772
5
31780
4
31788
5
31792
1
31793
8
31800
7
31806
7
31811
1
31812
6
31817
5
31826
7
31835
5
31840
2
31847
3
31855
6
31858
8
31867
6
31867
3
31871
2
31875
6
31875
3
31884
3
31891
8
31899
3
31900
7
31909
3
31914
3
31923
4
31924
8
31933
6
31941
6
31943
1
31943
2
31951
1
31953
6
31961
6
31961
6
31964
1
31968
5
31973
4
31978
4
31984
1
31986
1
31990
8
31990
5
31998
3
32002
7
32011
8
32018
8
32024
8
32027
2
32036
5
32039
1
32041
4
32050
7
32056
2
32056
4
32065
5
32067
7
32069
5
32070
4
32077
3
32080
7
32081
4
32088
6
32094
8
32102
5
32109
4
32113
5
32113
6
32115
1
32120
4
32125
1
32133
4
32142
3
32146
3
32153
5
32155
5
32163
3
32166
5
32170
6
32176
4
32177
7
32181
8
32187
1
32195
8
32204
7
32212
1
32221
2
32227
8
32234
2
32234
6
32234
1
32236
6
32240
8
32247
6
32249
8
32249
6
32255
4
32258
7
32258
2
32265
8
32270
1
32277
3
32280
1
32287
1
32290
2
32295
1
32298
6
32302
6
32310
2
32317
1
32318
1
32327
4
32334
8
32339
2
32344
5
32352
1
32356
6
32364
8
32371
5
32380
1
32387
1
32394
8
32396
7
32398
6
32403
1
32406
5
32409
3
32410
2
32412
5
32418
1
32424
4
32428
1
32431
5
32438
3
32438
5
32441
5
32442
3
32451
5
32455
8
32459
8
32464
6
32468
4
32475
8
32484
5
32493
3
32494
8
32499
2
32507
5
32509
6
32512
5
32518
2
32525
7
32531
1
32531
4
32540
4
32547
8
32551
4
32552
8
32553
3
32553
8
32554
7
32555
3
32557
6
32559
2
32560
8
32566
4
32572
5
32581
3
32585
1
32587
4
32594
1
32599
3
32602
5
32604
5
32608
4
32610
2
32619
1
32622
5
32625
1
32628
8
32636
7
32640
3
32648
3
32656
8
32656
7
32664
2
32672
6
32674
3
32681
7
32683
4
32692
4
32701
7
32708
2
32712
4
32714
7
32717
2
32719
8
32724
3
32731
4
32733
3
32738
8
32743
6
32747
5
32747
6
32752
6
32752
5
32756
7
32759
6
32765
3
32772
1
32780
6
32781
6
32789
4
32797
5
32799
7
32805
6
32807
8
32810
3
32812
1
32815
2
32823
7
32826
1
32828
7
32829
4
32831
8
32838
2
32845
5
32854
7
32854
8
32854
4
32854
8
32858
1
32863
5
32863
5
32871
8
32874
8
32874
2
32882
7
32884
7
32893
3
32897
1
32901
4
32907
8
32907
5
32911
6
32918
1
32919
3
32928
5
32930
6
32936
2
32936
7
32945
7
32947
1
32951
6
32954
6
32955
8
32957
2
32959
4
32966
6
32974
8
32976
3
32980
2
32983
3
32988
1
32994
8
32997
2
33003
4
33010
2
33019
1
33028
6
33033
5
33036
2
33036
1
33038
4
33047
4
33051
8
33058
4
33060
1
33066
8
33071
4
33076
5
33084
3
33091
6
33094
6
33103
3
33103
7
33104
4
33104
4
33111
2
33118
3
33118
5
33125
1
33126
6
33130
1
33136
5
33145
4
33146
4
33146
6
33149
3
33150
4
33151
2
33155
5
33155
3
33158
4
33158
2
33164
6
33172
7
33172
3
33176
6
33185
5
33189
3
33189
4
33194
6
33196
1
33198
2
33202
6
33209
8
33218
8
33223
7
33229
8
33230
5
33235
6
33235
8
33237
7
33245
5
33252
4
33254
6
33259
8
33264
7
33273
8
33275
7
33282
4
33291
2
33296
2
33299
8
33300
1
33307
6
33310
2
33313
5
33316
3
33318
2
33319
7
33325
7
33332
4
33335
5
33335
3
33337
7
33346
5
33348
7
33350
8
33351
3
33352
2
33356
1
33363
5
33372
8
33378
5
33381
4
33389
8
33393
8
33395
2
33399
8
33401
3
33405
3
33409
7
33415
5
33421
6
33422
5
33422
7
33430
2
33430
4
33436
3
33439
8
33445
2
33447
6
33451
8
33460
4
33469
5
33472
4
33480
1
33488
6
33493
7
33495
5
33498
5
33501
8
33508
4
33509
7
33511
6
33512
5
33517
3
33523
8
33530
1
33539
8
33547
7
33547
4
33555
8
33564
8
33571
8
33572
3
33572
5
33578
4
33587
4
33589
1
33589
3
33591
2
33596
3
33604
4
33608
8
33609
8
33611
2
33611
4
33618
7
33618
1
33627
2
33633
6
33639
3
33640
7
33649
6
33650
5
33656
4
33661
1
33665
8
33674
7
33678
4
33679
4
33681
6
33688
8
33693
1
33698
1
33701
5
33705
7
33707
1
33714
4
33716
1
33718
1
33726
6
33729
6
33730
2
33731
7
33738
2
33747
3
33753
3
33754
6
33762
4
33767
4
33776
3
33782
1
33791
2
33793
4
33796
4
33802
2
33811
4
33817
2
33821
5
33826
7
33828
8
33828
4
33835
1
33843
6
33852
5
33860
5
33863
3
33872
5
33879
2
33886
1
33893
3
33902
8
33910
1
33917
5
33924
8
33927
4
33927
8
33935
1
33938
6
33944
5
33952
2
33954
6
33954
4
33962
2
33964
1
33970
4
33977
6
33979
4
33981
5
33988
5
33993
3
33998
6
34001
7
34007
6
34016
1
34024
7
34029
1
34031
5
34032
5
34040
6
34046
6
34053
1
34056
5
34057
2
34064
5
34064
6
34072
6
34074
1
34078
8
34078
4
34084
3
34085
2
34087
8
34094
7
34101
4
34110
1
34119
5
34128
3
34134
5
34137
6
34138
4
34138
4
34145
1
34145
3
34147
4
34149
5
34154
3
34155
2
34162
7
34171
3
34179
7
34186
1
34192
1
34197
3
34197
8
34197
2
34206
6
34215
2
34215
6
34216
1
34223
1
34227
1
34235
2
34236
5
34236
1
34240
1
34243
6
34249
4
34258
7
34258
5
34267
6
34272
2
34277
6
34285
7
34291
7
34297
7
34297
6
34299
3
34307
5
34312
4
34316
1
34322
8
34327
8
34331
2
34333
8
34342
4
34346
7
34353
4
34360
5
34366
3
34366
7
34366
7
34375
7
34380
3
34385
2
34392
5
34393
4
34398
1
34398
1
34405
6
34414
8
34423
2
34424
3
34430
7
34430
6
34432
4
34433
2
34440
7
34448
8
34451
2
34451
1
34457
2
34457
8
34461
3
34467
5
34468
4
34476
1
34480
2
34489
6
34489
4
34489
5
34494
4
34503
2
34506
3
34506
5
34514
3
34520
6
34520
1
34523
7
34532
7
34537
5
34542
3
34544
5
34544
8
34550
2
34555
1
34559
5
34567
4
34571
5
34580
6
34588
8
34594
6
34602
5
34606
1
34611
8
34614
4
34623
2
34627
3
34635
3
34638
5
34646
8
34653
8
34658
6
34658
6
34665
6
34668
5
34677
2
34685
2
34691
3
34692
7
34697
1
34697
1
34701
3
34710
4
34717
2
34721
6
34724
8
34724
5
34732
3
34733
6
34739
8
34739
4
34748
7
34757
7
34759
4
34762
7
34768
5
34773
1
34780
8
34786
2
34794
7
34796
7
34798
5
34807
6
34807
2
34815
3
34824
7
34826
3
34828
2
34830
8
34835
1
34841
5
34843
7
34845
5
34849
7
34856
8
34858
1
34867
6
34873
1
34874
2
34874
1
34883
4
34888
4
34895
1
34902
4
34910
5
34917
1
34922
6
34929
2
34933
7
34940
8
34944
2
34944
7
34944
7
34947
1
34949
2
34956
5
34960
8
34968
2
34976
8
34980
5
34981
8
34988
8
34994
8
34999
2
35008
7
35016
8
35022
4
35027
4
35031
1
35031
8
35037
7
35045
6
35051
7
35057
8
35065
5
35072
4
35077
3
35079
3
35081
6
35081
1
35085
4
35089
2
35097
6
35102
3
35103
5
35109
6
35110
3
35119
8
35120
1
35120
6
35128
3
35129
6
35136
3
35142
8
35150
5
35152
1
35161
7
35162
6
35170
5
35170
4
35171
4
35171
6
35174
2
35177
6
35177
4
35183
7
35186
7
35190
5
35194
1
35199
2
35201
1
35203
6
35209
4
35217
2
35217
4
35223
7
35232
5
35232
5
35236
5
35238
2
35244
4
35250
7
35253
6
35256
8
35258
3
35263
7
35263
1
35263
7
35270
3
35276
8
35283
6
35286
5
35289
7
35290
5
35299
3
35302
5
35302
4
35306
8
35311
1
35316
6
35318
8
35325
2
35330
8
35335
8
35342
6
35347
8
35351
4
35360
2
35365
6
35366
4
35369
7
35378
3
35385
6
35390
2
35394
2
35398
5
35405
7
35405
6
35406
1
35410
7
35415
8
35418
4
35424
3
35431
7
35439
5
35447
7
35455
2
35459
6
35467
3
35473
2
35479
7
35483
3
35488
5
35496
6
35496
1
35505
5
35505
1
35512
2
35517
8
35523
6
35524
5
35525
7
35529
7
35534
5
35537
3
35545
3
35551
8
35559
2
35566
8
35570
4
35576
4
35576
1
35579
8
35579
6
35579
4
35587
1
35587
1
35595
3
35602
5
35611
4
35618
8
35627
8
35627
8
35635
6
35640
7
35648
7
35652
4
35660
5
35664
3
35669
8
35673
2
35682
2
35686
8
35690
6
35693
1
35696
5
35704
7
35705
7
35709
3
35718
7
35720
5
35729
1
35736
7
35740
2
35749
5
35754
7
35755
4
35759
5
35767
3
35768
1
35776
5
35778
8
35787
2
35793
6
35801
7
35802
6
35802
3
35808
7
35808
3
35813
6
35817
8
35824
5
35827
8
35829
4
35829
2
35836
4
35842
8
35850
8
35857
6
35863
5
35863
3
35872
4
35876
1
35883
2
35890
1
35898
4
35900
8
35906
7
35914
3
35923
1
35929
4
35929
8
35938
2
35941
3
35947
1
35948
1
35957
4
35964
7
35969
4
35970
6
35973
6
35975
8
35975
7
35983
1
35988
5
35992
2
35997
1
36001
8
36005
5
36007
2
36016
6
36019
2
36025
5
36027
1
36028
3
36037
3
36045
4
36047
2
36055
8
36055
4
36064
6
36068
4
36075
5
36075
7
36084
2
36088
3
36095
4
36095
5
36100
2
36108
5
36115
3
36123
6
36125
1
36130
8
36132
5
36139
6
36147
7
36152
8
36153
5
36155
6
36157
5
36164
5
36165
3
36171
4
36171
4
36173
6
36176
4
36182
5
36184
5
36191
4
36193
5
36200
1
36208
8
36212
3
36214
8
36222
7
36227
8
36227
7
36236
6
36237
3
36243
4
36248
7
36257
8
36262
6
36266
2
36266
6
36266
7
36266
6
36275
6
36278
4
36278
7
36281
3
36281
7
36287
6
36295
1
36297
7
36299
6
36300
5
36300
8
36306
7
36306
6
36306
8
36314
4
36322
8
36327
4
36327
2
36336
3
36343
1
36346
7
36350
8
36352
8
36360
8
36366
4
36366
5
36371
6
36378
3
36386
1
36391
1
36392
4
36401
8
36402
2
36405
6
36412
5
36420
3
36426
7
36435
6
36441
4
36443
8
36449
2
36449
5
36454
8
36458
5
36467
6
36469
2
36469
8
36474
3
36480
7
36480
8
36480
7
36483
8
36483
5
36485
4
36492
4
36497
5
36497
3
36499
6
36505
3
36514
1
36514
7
36514
6
36518
1
36525
5
36534
5
36534
4
36538
8
36545
5
36548
5
36557
8
36558
4
36563
2
36567
4
36574
1
36575
6
36577
8
36585
6
36593
4
36601
1
36604
7
36613
1
36613
6
36613
4
36620
4
36625
5
36632
1
36641
4
36650
3
36656
7
36657
5
36665
7
36669
8
36671
4
36677
4
36679
5
36684
1
36690
3
36698
2
36702
3
36711
2
36719
3
36722
3
36724
8
36731
7
36739
8
36743
8
36752
2
36755
7
36756
3
36760
5
36767
4
36769
3
36773
2
36776
5
36776
5
36776
7
36776
8
36782
2
36783
4
36784
2
36785
1
36790
8
36791
7
36793
7
36794
1
36801
4
36804
5
36811
8
36816
3
36821
2
36827
5
36836
8
36840
4
36848
6
36853
5
36858
2
36865
7
36867
4
36875
3
36875
3
36883
4
36889
1
36896
3
36897
6
36901
1
36906
5
36906
4
36915
2
36921
8
36922
4
36927
4
36936
1
36942
6
36944
7
36952
3
36954
3
36956
7
36965
7
36971
6
36972
2
36973
6
36975
7
36982
7
36988
6
36995
8
37002
7
37010
3
37015
7
37023
6
37027
1
37029
2
37036
3
37043
5
37043
4
37046
2
37050
7
37058
2
37067
5
37074
7
37079
3
37086
4
37089
7
37089
2
37092
7
37101
7
37107
2
37109
8
37110
1
37110
4
37112
8
37115
7
37122
8
37128
3
37135
4
37144
8
37150
7
37158
1
37158
2
37162
5
37168
8
37175
6
37180
8
37181
2
37183
7
37192
2
37200
6
37202
5
37208
1
37217
7
37220
6
37224
1
37226
5
37228
8
37228
1
37232
1
37239
2
37240
1
37244
7
37251
7
37252
1
37256
1
37262
8
37266
4
37271
2
37271
8
37275
6
37276
5
37285
1
37286
6
37293
1
37299
1
37306
6
37311
5
37311
1
37319
8
37320
3
37322
3
37330
8
37333
3
37334
8
37337
2
37343
1
37345
4
37352
5
37360
7
37360
5
37365
3
37370
2
37373
2
37375
8
37379
5
37383
5
37386
6
37389
7
37391
7
37391
6
37391
3
37397
7
37398
4
37403
7
37410
4
37413
7
37417
7
37418
8
37424
6
37431
2
37438
1
37439
4
37441
7
37443
3
37447
7
37449
6
37449
3
37454
3
37461
2
37468
7
37472
6
37479
6
37485
4
37494
4
37502
1
37507
2
37512
6
37521
2
37523
8
37525
7
37528
4
37530
4
37538
1
37546
4
37547
4
37553
8
37559
5
37567
1
37571
2
37571
3
37572
2
37572
8
37572
8
37573
6
37576
2
37580
3
37582
7
37583
1
37590
4
37591
7
37594
1
37601
5
37606
8
37610
1
37615
8
37618
5
37627
7
37629
7
37635
7
37636
3
37643
2
37648
7
37656
4
37660
2
37663
5
37668
2
37670
5
37674
8
37674
8
37682
1
37688
7
37690
1
37691
7
37697
3
37703
8
37706
8
37712
4
37717
5
37723
1
37726
3
37729
7
37733
5
37735
8
37736
7
37745
4
37750
2
37756
6
37760
2
37762
1
37769
7
37776
4
37780
6
37781
6
37784
5
37787
8
37793
3
37794
4
37800
8
37807
1
37815
7
37817
7
37825
6
37825
2
37833
5
37838
6
37838
3
37844
7
37853
7
37861
8
37863
7
37870
5
37873
5
37878
4
37881
2
37889
4
37892
1
37895
8
37902
4
37907
5
37914
3
37922
6
37930
7
37932
3
37935
4
37936
1
37937
4
37938
5
37946
5
37948
3
37948
6
37949
6
37949
1
37957
7
37964
1
37965
7
37969
6
37972
1
37975
3
37980
4
37988
5
37997
6
38003
2
38009
2
38018
7
38018
6
38021
8
38029
1
38037
5
38041
1
38041
8
38043
7
38047
8
38048
6
38057
4
38066
3
38069
3
38074
4
38081
6
38088
7
38091
8
38100
5
38107
1
38114
1
38122
3
38122
2
38128
2
38133
7
38140
7
38141
3
38144
1
38153
8
38153
2
38155
7
38161
8
38169
3
38171
5
38173
2
38175
8
38177
4
38184
2
38186
2
38188
4
38191
2
38192
1
38199
1
38206
1
38214
4
38222
5
38229
1
38237
2
38245
1
38250
1
38255
2
38256
3
38265
2
38266
6
38274
7
38281
8
38290
2
38293
3
38301
3
38302
2
38309
1
38310
8
38310
3
38311
1
38312
7
38317
3
38318
1
38325
4
38326
3
38329
5
38334
1
38334
8
38335
3
38341
2
38344
4
38349
1
38349
4
38351
5
38358
6
38364
1
38373
4
38376
3
38380
1
38384
2
38388
2
38388
8
38394
4
38400
2
38403
7
38407
1
38409
8
38417
3
38425
5
38426
5
38431
3
38433
3
38433
4
38439
2
38444
5
38447
8
38454
7
38454
6
38460
7
38465
4
38474
5
38479
4
38479
2
38482
8
38490
6
38492
4
38499
4
38505
4
38510
1
38511
4
38512
5
38515
8
38522
1
38528
8
38535
7
38536
1
38544
7
38548
7
38552
5
38559
3
38559
8
38565
8
38566
1
38575
8
38575
2
38576
3
38581
1
38585
1
38592
5
38595
6
38604
5
38613
1
38619
1
38628
7
38632
5
38641
5
38641
6
38644
7
38652
5
38652
3
38658
7
38664
8
38666
6
38673
6
38673
1
38675
3
38679
7
38683
8
38691
8
38695
3
38700
3
38703
4
38708
2
38717
3
38721
7
38724
1
38727
2
38727
4
38729
4
38735
3
38742
4
38745
4
38754
6
38756
6
38758
5
38759
5
38766
6
38773
1
38775
3
38782
1
38782
6
38786
1
38792
5
38796
8
38796
1
38800
4
38804
7
38808
6
38817
4
38825
1
38832
2
38833
6
38838
7
38840
3
38848
4
38854
7
38858
8
38865
6
38869
4
38870
3
38876
6
38885
5
38886
1
38888
7
38890
4
38893
3
38899
8
38899
8
38904
6
38913
8
38917
1
38923
7
38925
1
38926
2
38930
5
38931
7
38938
6
38938
4
38946
6
38946
3
38954
7
38962
4
38963
5
38967
5
38976
3
38982
6
38990
8
38997
7
39000
6
39005
6
39011
6
39020
3
39023
8
39023
4
39024
8
39024
5
39027
7
39030
2
39032
1
39039
8
39046
4
39049
5
39058
7
39067
7
39070
4
39070
2
39079
6
39082
4
39089
5
39096
8
39105
1
39108
6
39117
3
39121
4
39123
8
39130
2
39138
3
39144
4
39147
8
39152
3
39156
4
39165
6
39171
8
39180
7
39182
5
39187
7
39190
2
39191
5
39191
3
39194
1
39201
1
39204
7
39212
4
39212
2
39214
5
39219
8
39228
2
39229
8
39229
5
39238
1
39245
2
39249
5
39258
5
39264
4
39270
4
39273
5
39273
2
39282
2
39290
8
39294
3
39296
2
39302
1
39302
4
39308
5
39310
8
39318
1
39325
2
39325
5
39332
6
39339
5
39345
2
39352
7
39355
8
39359
7
39368
6
39374
3
39378
1
39386
4
39387
5
39394
1
39401
4
39407
8
39413
7
39417
4
39425
2
39425
1
39434
7
39443
7
39445
4
39453
7
39458
8
39461
2
39463
8
39468
8
39469
7
39470
1
39472
2
39474
8
39482
5
39486
8
39494
3
39503
4
39507
2
39509
3
39511
2
39520
2
39520
6
39525
2
39532
8
39532
5
39540
8
39541
2
39549
6
39550
6
39556
3
39561
6
39561
7
39567
7
39574
8
39576
5
39584
1
39591
8
39598
2
39606
4
39608
5
39610
5
39615
8
39622
4
39624
1
39632
1
39635
7
39636
7
39636
3
39642
4
39651
5
39659
5
39661
6
39664
6
39665
1
39673
3
39682
4
39686
4
39688
6
39690
1
39690
1
39694
4
39699
2
39700
6
39708
8
39714
3
39715
7
39720
6
39725
8
39731
4
39736
5
39736
6
39737
8
39742
3
39742
3
39751
3
39755
7
39757
8
39759
7
39768
6
39774
5
39780
3
39780
7
39781
3
39783
2
39791
2
39793
5
39799
2
39803
5
39811
1
39813
3
39817
1
39822
7
39827
1
39835
4
39843
6
39850
8
39853
3
39861
6
39867
4
39873
8
39880
7
39886
1
39890
5
39890
6
39898
2
39904
5
39910
2
39912
5
39914
4
39918
8
39925
6
39926
7
39928
6
39933
3
39936
3
39939
8
39943
8
39951
3
39951
6
39954
2
39958
2
39959
8
39965
6
39968
4
39969
8
39974
7
39980
2
39987
5
39989
8
39991
2
39991
1
39994
3
40000
5
40002
4
40011
3
40011
6
40017
6
40017
1
40021
4
40022
5
40027
5
40030
3
40032
2
40036
2
40040
5
40042
2
40044
1
40044
2
40049
4
40053
4
40055
5
40059
5
40067
4
40070
7
40072
1
40078
3
40078
5
40078
7
40087
4
40089
8
40089
6
40098
5
40098
3
40107
1
40110
7
40113
5
40118
2
40127
8
40132
7
40135
5
40141
6
40144
1
40148
4
40156
8
40163
7
40163
8
40171
2
40172
5
40180
3
40189
5
40192
4
40198
7
40200
1
40207
8
40216
7
40221
7
40226
2
40228
6
40237
2
40240
3
40249
1
40255
2
40256
6
40257
4
40258
2
40264
2
40267
8
40269
7
40269
5
40270
5
40277
2
40279
6
40283
6
40285
2
40293
8
40302
5
40302
2
40311
1
40317
8
40319
7
40327
3
40335
2
40336
5
40336
3
40345
4
40349
5
40356
8
40358
2
40358
1
40365
4
40373
1
40375
7
40375
2
40377
2
40380
3
40380
8
40382
4
40385
4
40392
3
40393
6
40400
7
40405
3
40406
7
40413
4
40414
5
40414
4
40415
8
40415
8
40424
2
40424
3
40429
2
40434
2
40440
7
40447
8
40452
8
40452
1
40456
5
40457
6
40459
7
40466
8
40474
8
40474
8
40476
6
40478
2
40481
8
40485
4
40487
8
40488
2
40496
7
40503
3
40510
2
40516
8
40518
1
40522
6
40527
5
40529
3
40536
8
40539
1
40547
5
40555
1
40557
6
40564
1
40567
5
40567
7
40569
5
40571
3
40577
7
40579
2
40586
5
40588
2
40593
4
40593
2
40593
7
40602
7
40604
3
40610
5
40613
6
40621
7
40625
1
40632
2
40640
2
40640
8
40641
3
40642
3
40645
1
40653
3
40655
5
40656
2
40658
1
40660
1
40662
6
40662
6
40665
7
40669
4
40674
8
40675
5
40681
5
40683
3
40683
3
40683
1
40691
1
40700
7
40704
2
40709
8
40711
2
40717
6
40723
8
40725
8
40727
7
40735
2
40743
2
40752
1
40761
2
40761
4
40761
1
40763
3
40768
8
40770
4
40776
3
40779
2
40779
7
40783
5
40783
5
40787
5
40787
6
40792
4
40799
7
40805
2
40809
6
40809
5
40818
6
40819
8
40826
2
40830
2
40839
6
40847
7
40852
4
40857
4
40866
7
40872
1
40874
8
40883
3
40891
5
40894
3
40898
3
40901
3
40902
4
40904
4
40907
7
40909
3
40914
3
40918
7
40923
1
40930
1
40930
2
40933
6
40942
2
40951
6
40956
7
40962
4
40971
4
40971
6
40979
7
40981
2
40990
2
40997
8
40999
1
41004
4
41005
4
41006
4
41012
3
41021
2
41023
6
41023
3
41023
5
41023
8
41028
7
41034
5
41034
4
41041
5
41044
4
41048
7
41050
6
41051
6
41056
7
41060
8
41066
1
41075
6
41078
6
41083
5
41091
7
41097
1
41097
4
41099
5
41106
3
41108
1
41109
8
41115
2
41119
5
41126
5
41126
4
41131
1
41132
5
41133
7
41139
2
41144
5
41146
3
41150
4
41156
6
41156
7
41164
6
41167
7
41175
3
41183
1
41186
8
41190
8
41197
4
41203
1
41210
6
41214
3
41214
7
41216
4
41217
4
41222
4
41225
5
41234
8
41243
4
41243
3
41246
2
41254
5
41262
6
41271
3
41272
5
41275
8
41281
7
41289
3
41292
7
41292
7
41297
7
41306
2
41308
6
41309
2
41312
2
41315
4
41322
4
41327
4
41334
4
41336
4
41345
6
41347
3
41351
7
41356
2
41365
1
41365
5
41371
7
41379
6
41383
6
41388
8
41396
7
41402
3
41408
8
41410
4
41411
3
41418
4
41419
3
41427
7
41428
6
41433
4
41435
2
41440
2
41441
1
41447
8
41448
2
41455
5
41457
8
41466
8
41474
3
41481
1
41488
3
41496
6
41497
2
41504
1
41504
4
41505
5
41509
6
41512
8
41521
4
41522
1
41528
3
41535
4
41538
4
41545
1
41547
1
41555
5
41558
7
41558
8
41567
1
41572
2
41574
6
41582
5
41585
4
41587
7
41587
4
41591
5
41591
3
41598
4
41602
5
41603
6
41611
5
41618
7
41627
3
41633
4
41640
1
41640
2
41645
5
41653
3
41654
6
41654
1
41657
8
41665
3
41673
3
41682
1
41690
1
41694
5
41695
4
41699
8
41703
1
41705
2
41709
3
41711
4
41720
6
41723
8
41728
8
41737
3
41741
5
41750
5
41757
2
41763
6
41763
7
41769
5
41778
2
41786
2
41789
6
41798
1
41806
2
41813
7
41822
5
41824
6
41827
1
41831
8
41839
5
41848
7
41850
5
41853
1
41862
1
41865
6
41868
6
41873
6
41875
8
41881
7
41884
3
41885
1
41891
5
41896
2
41903
8
41909
8
41909
2
41917
4
41922
6
41927
3
41928
8
41932
8
41941
1
41947
3
41956
3
41956
1
41962
1
41971
2
41977
3
41980
1
41984
5
41986
4
41995
7
41995
8
41998
5
41998
4
41998
1
42000
1
42009
1
42009
7
42015
1
42016
4
42019
3
42023
8
42026
6
42033
5
42034
8
42041
6
42043
6
42044
2
42051
3
42052
2
42058
5
42065
6
42067
8
42070
3
42070
2
42075
5
42079
3
42088
4
42095
5
42099
4
42108
3
42117
6
42118
1
42118
3
42120
8
42126
6
42128
4
42135
7
42140
4
42148
6
42157
8
42161
5
42170
6
42170
2
42171
5
42175
8
42178
4
42179
5
42187
8
42195
3
42202
3
42206
4
42212
7
42215
8
42220
1
42221
1
42229
2
42238
7
42238
5
42243
4
42251
5
42251
5
42253
6
42254
4
42255
5
42259
8
42262
6
42264
7
42269
7
42274
4
42279
1
42283
4
42288
3
42296
4
42297
7
42299
8
42307
6
42308
5
42310
6
42315
2
42316
7
42318
7
42318
7
42327
4
42334
6
42339
1
42341
7
42348
4
42353
2
42353
2
42361
7
42363
1
42370
5
42370
8
42370
5
42379
2
42380
4
42387
8
42396
7
42402
2
42403
5
42403
1
42409
6
42411
4
42414
4
42416
6
42425
7
42432
8
42433
8
42436
2
42439
8
42445
3
42452
2
42456
6
42459
8
42464
8
42473
4
42476
8
42480
2
42486
2
42487
3
42492
4
42499
8
42504
4
42511
7
42513
4
42520
5
42524
5
42532
3
42534
6
42534
6
42534
8
42536
2
42541
6
42545
8
42546
8
42552
7
42559
2
42564
5
42568
6
42573
4
42577
3
42583
1
42584
4
42591
3
42592
3
42596
7
42598
4
42605
2
42609
6
42618
5
42625
5
42627
4
42629
1
42633
3
42638
7
42641
5
42642
4
42647
2
42647
8
42651
7
42655
2
42663
1
42671
4
42674
2
42676
1
42680
3
42681
6
42681
1
42683
6
42692
7
42693
6
42701
5
42710
6
42710
1
42716
7
42725
5
42730
2
42737
3
42742
1
42749
6
42754
4
42761
6
42765
5
42768
8
42770
8
42778
1
42787
3
42788
3
42797
1
42804
2
42808
6
42810
4
42815
2
42815
8
42816
7
42822
4
42829
7
42837
2
42841
2
42848
8
42851
1
42853
2
42857
4
42861
3
42869
3
42878
8
42880
7
42882
6
42889
1
42895
4
42902
7
42905
4
42914
8
42916
2
42925
1
42931
7
42935
8
42940
1
42940
3
42944
2
42948
5
42948
7
42949
3
42953
7
42957
4
42966
5
42968
4
42977
2
42985
6
42985
6
42986
4
42992
2
42995
1
43003
4
43007
7
43009
7
43012
8
43021
6
43025
1
43027
5
43032
6
43039
3
43042
2
43044
1
43044
4
43045
3
43047
4
43049
7
43049
6
43054
6
43055
8
43056
7
43064
8
43064
5
43067
6
43069
1
43070
6
43070
8
43079
7
43088
1
43094
5
43097
3
43100
4
43106
6
43110
4
43110
4
43119
3
43120
8
43128
5
43134
1
43137
1
43141
5
43141
5
43149
5
43158
8
43164
7
43171
7
43179
5
43183
7
43186
3
43192
3
43192
2
43200
5
43202
6
43211
2
43220
2
43228
5
43231
7
43235
7
43236
4
43237
1
43239
3
43248
1
43253
8
43258
5
43259
5
43263
3
43269
4
43277
6
43286
8
43287
8
43288
2
43291
2
43294
8
43296
1
43302
6
43303
2
43303
8
43303
7
43310
4
43315
6
43317
4
43323
7
43329
2
43331
6
43337
1
43341
5
43341
7
43348
7
43352
7
43353
7
43359
1
43365
8
43371
4
43376
4
43376
7
43380
6
43385
7
43387
8
43394
4
43395
2
43396
4
43396
5
43400
4
43401
4
43405
1
43412
1
43416
7
43416
2
43418
7
43426
2
43434
3
43436
2
43443
2
43449
6
43457
2
43463
6
43466
5
43468
8
43477
5
43484
4
43488
2
43496
4
43499
7
43506
1
43511
6
43515
4
43522
5
43530
2
43532
8
43534
1
43539
2
43546
7
43548
4
43553
3
43556
7
43558
2
43560
8
43564
4
43571
6
43580
5
43589
1
43589
4
43594
2
43600
6
43603
6
43606
6
43614
1
43623
5
43629
5
43633
1
43634
8
43636
1
43639
1
43639
8
43646
8
43648
7
43654
4
43660
5
43666
8
43666
8
43675
1
43681
4
43689
1
43689
6
43691
7
43692
3
43701
7
43703
6
43705
5
43710
6
43714
5
43723
6
43727
1
43727
6
43734
3
43737
5
43739
8
43745
4
43749
6
43750
5
43755
4
43762
1
43764
1
43771
4
43771
2
43774
6
43778
4
43780
4
43787
5
43788
5
43793
2
43798
7
43805
2
43812
2
43821
7
43824
5
43825
8
43830
5
43833
2
43834
6
43837
1
43843
7
43850
5
43850
6
43859
4
43860
4
43867
5
43869
3
43871
1
43874
5
43874
6
43874
2
43875
8
43880
5
43884
8
43886
4
43889
8
43889
2
43898
4
43907
7
43913
8
43920
7
43924
1
43925
5
43925
7
43933
6
43934
8
43941
4
43942
6
43946
3
43948
3
43955
2
43958
2
43960
2
43967
1
43976
6
43985
7
43986
5
43994
3
44002
6
44007
4
44008
6
44017
6
44020
1
44021
6
44026
8
44030
7
44032
7
44035
3
44041
4
44050
6
44051
6
44057
3
44061
4
44066
3
44072
8
44073
7
44078
6
44078
4
44079
3
44079
3
44079
7
44080
8
44088
6
44089
3
44091
4
44098
4
44106
5
44113
1
44118
2
44120
8
44122
6
44124
5
44124
1
44127
7
44132
3
44139
2
44140
5
44140
2
44144
2
44148
8
44157
8
44161
7
44165
8
44169
6
44170
7
44171
5
44179
3
44186
4
44187
5
44194
2
44198
5
44198
6
44204
4
44212
1
44217
1
44226
5
44227
4
44229
3
44237
5
44245
4
44250
5
44254
5
44261
5
44264
6
44271
8
44280
2
44285
6
44285
5
44294
4
44302
3
44302
7
44307
8
44313
1
44320
8
44320
5
44326
1
44333
3
44336
1
44336
6
44337
6
44345
6
44345
7
44351
4
44359
2
44367
1
44368
4
44373
3
44375
1
44383
5
44388
5
44394
6
44403
5
44404
3
44409
6
44417
1
44422
7
44428
3
44428
7
44435
6
44437
6
44442
7
44450
1
44458
5
44460
4
44467
2
44476
3
44480
4
44489
6
44496
5
44504
5
44506
6
44514
3
44515
3
44522
6
44522
6
44526
1
44533
3
44542
7
44547
7
44552
7
44555
4
44558
7
44559
7
44562
2
44564
5
44565
6
44568
3
44568
7
44576
6
44581
7
44590
3
44596
3
44601
2
44609
8
44614
7
44623
4
44625
6
44629
7
44629
3
44638
2
44644
3
44649
6
44653
4
44662
6
44664
3
44672
5
44679
8
44683
6
44688
4
44691
5
44698
5
44705
4
44710
1
44712
6
44720
3
44722
6
44728
8
44732
4
44741
6
44747
2
44753
7
44757
1
44758
1
44759
7
44768
5
44774
2
44776
4
44778
5
44780
7
44780
8
44782
2
44784
8
44792
8
44798
8
44807
2
44815
6
44823
6
44824
4
44824
4
44828
6
44831
8
44839
4
44843
7
44848
6
44855
6
44857
1
44857
3
44860
2
